in position0,in position1,in position2,in position3,in position4,in position5,in position6,in torque0,in torque1,in torque2,in torque3,in torque4,in torque5,in torque6,in tactile0,in tactile1,in tactile2,in tactile3,in tactile4,in tactile5,in tactile6,in tactile7,in tactile8,in tactile9,in tactile10,in tactile11,in tactile12,in tactile13,in tactile14,in tactile15,in image0,in image1,in image2,in image3,in image4,in image5,in image6,in image7,in image8,in image9,in image10,in image11,in image12,in image13,in image14,out position0,out position1,out position2,out position3,out position4,out position5,out position6,out torque0,out torque1,out torque2,out torque3,out torque4,out torque5,out torque6,out tactile0,out tactile1,out tactile2,out tactile3,out tactile4,out tactile5,out tactile6,out tactile7,out tactile8,out tactile9,out tactile10,out tactile11,out tactile12,out tactile13,out tactile14,out tactile15,out image0,out image1,out image2,out image3,out image4,out image5,out image6,out image7,out image8,out image9,out image10,out image11,out image12,out image13,out image14,cf_pca0,cf_pca1,cs_pca0,cs_pca1,cf_states0,cf_states1,cf_states2,cf_states3,cf_states4,cf_states5,cf_states6,cf_states7,cf_states8,cf_states9,cf_states10,cf_states11,cf_states12,cf_states13,cf_states14,cf_states15,cf_states16,cf_states17,cf_states18,cf_states19,cf_states20,cf_states21,cf_states22,cf_states23,cf_states24,cf_states25,cf_states26,cf_states27,cf_states28,cf_states29,cf_states30,cf_states31,cf_states32,cf_states33,cf_states34,cf_states35,cf_states36,cf_states37,cf_states38,cf_states39,cf_states40,cf_states41,cf_states42,cf_states43,cf_states44,cf_states45,cf_states46,cf_states47,cf_states48,cf_states49,cf_states50,cf_states51,cf_states52,cf_states53,cf_states54,cf_states55,cf_states56,cf_states57,cf_states58,cf_states59,cf_states60,cf_states61,cf_states62,cf_states63,cf_states64,cf_states65,cf_states66,cf_states67,cf_states68,cf_states69,cf_states70,cf_states71,cf_states72,cf_states73,cf_states74,cf_states75,cf_states76,cf_states77,cf_states78,cf_states79,cf_states80,cf_states81,cf_states82,cf_states83,cf_states84,cf_states85,cf_states86,cf_states87,cf_states88,cf_states89,cs_states0,cs_states1,cs_states2,cs_states3,cs_states4,cs_states5,cs_states6,cs_states7,cs_states8,cs_states9
0.56970227,-0.13405955,0.80188036,-0.42063385,-0.8302039,0.89867806,-0.38275614,-0.10926519,0.29858625,-0.5048159,0.21195413,0.0,0.15882355,-0.06971831,-0.9,-0.9,-0.9,-0.9,-0.9,-0.9,-0.9,-0.9,-0.9,-0.9,-0.9,-0.9,-0.9,-0.9,-0.9,-0.9,-0.9,-0.22330715,0.17007372,-0.9,-0.9,0.24998842,-0.29489654,-0.075289875,-0.9,-0.9,-0.9,-0.4279083,-0.9,0.17108889,-0.9,0.5442224,-0.12073383,0.75334907,-0.39125565,-0.7813366,0.8657931,-0.36486652,-0.08117494,0.28754678,-0.48139027,0.18557623,0.051091228,0.15566845,-0.05736142,-0.85832,-0.8663017,-0.86916584,-0.8547923,-0.8617139,-0.85817754,-0.8542646,-0.82968223,-0.90035725,-0.88686985,-0.89655423,-0.89289093,-0.85962164,-0.84893894,-0.86402184,-0.87692773,-0.88031757,-0.36930704,0.12820853,-0.8597048,-0.87029815,0.30399224,-0.26045033,-0.28604168,-0.85489815,-0.9126786,-0.86269015,-0.34974363,-0.885969,0.014534479,-0.85691905,-0.9191898,-0.36621258,-0.34298083,0.73712295,0.010139988,-0.0100026205,0.030778691,0.00517376,0.00779881,-0.0036863138,-0.021086691,-0.0016928813,-0.030039152,-0.027245944,0.020843297,-0.011041509,0.022927014,-0.00026265456,0.010217244,0.012432346,0.007077942,-0.007146875,-0.00957716,-0.038812645,0.003928763,0.03861065,0.017181057,0.03749779,-0.031158991,-0.02937139,0.0031125222,-0.0036983136,0.006655173,-0.027482932,-0.0054701394,0.00025452804,0.045492157,-0.016575813,-0.025846457,0.021445462,-0.024494877,0.0019062648,-0.032458205,0.02246636,0.019125609,-0.014164206,0.0034420937,-0.006645352,0.006291524,0.0013718051,-0.012468867,-0.009954607,-0.040988017,-0.038783688,-0.020942038,0.0051085856,-0.00080376066,0.03445421,-0.038972337,0.022001933,-0.027091721,-0.006642235,0.022700682,0.014278681,-0.0018359417,0.017335992,-0.04147914,0.005236844,-0.03251669,0.0064737513,-0.018890621,0.048619952,0.0057644057,0.024968566,-0.0126503855,0.011847875,0.0036719749,-0.0095896665,-0.014118655,0.028247815,0.008396203,0.04020152,-0.06044765,-0.021552041,0.011569958,0.0048928335,-0.003911834,-0.011153074,0.033842016,-0.013551711,0.05348939,-0.056998238,0.03401584,-0.04459214,-0.16191483,-0.19966248,-0.011624033,0.091287196,-0.09912185,-0.0013621092,0.3372032,-0.26832086,-0.17595239,0.008397437
0.56973636,-0.13405955,0.80188036,-0.42063385,-0.8301932,0.8986613,-0.38275614,-0.10902563,0.29901037,-0.5056657,0.21227625,-0.023684211,0.15551473,-0.08239438,-0.9,-0.9,-0.9,-0.9,-0.9,-0.9,-0.9,-0.9,-0.9,-0.9,-0.9,-0.9,-0.9,-0.9,-0.9,-0.9,-0.9,-0.22745165,0.16792656,-0.9,-0.9,0.24835174,-0.3027789,-0.07847795,-0.9,-0.9,-0.9,-0.42978215,-0.9,0.17437544,-0.9,0.5924463,-0.09503293,0.8345965,-0.45158014,-0.8353955,0.91100305,-0.3789636,-0.106090575,0.34963733,-0.5591936,0.22613367,0.008184198,0.17856306,-0.089081556,-0.9190174,-0.92795783,-0.9311071,-0.9310737,-0.92240185,-0.92505586,-0.9130788,-0.888655,-0.9125451,-0.9144005,-0.91476023,-0.9204412,-0.91150635,-0.9063237,-0.91621864,-0.91899675,-0.90970814,-0.31828392,0.20409851,-0.9043149,-0.8793277,0.3098847,-0.29356602,-0.25314587,-0.9014749,-0.9255589,-0.89624554,-0.3713778,-0.9038477,0.030031197,-0.90587735,-1.1439294,-0.5102191,-0.32937753,0.7272248,0.016945388,-0.06973522,0.007761099,-0.03703685,0.009578672,-0.05014893,-0.009552192,0.052098446,-0.10161571,-0.025216287,-0.022056615,0.025031455,0.05460573,0.07662134,0.0031086982,-0.014396912,0.03707096,-0.05732999,-0.016531745,-0.1032943,-0.037593525,0.07223787,0.07255518,0.10709285,-0.14353958,0.013494164,-0.08403586,-0.08614043,0.12804988,-0.05161518,-0.026206901,0.059766535,0.07043034,-0.075279936,-0.04022389,0.073801205,0.0018773504,0.00021628651,0.016736895,-0.06203671,0.047596682,-0.0046413336,-0.017870253,-0.1040264,-0.0093966015,0.018598223,-0.041034754,-0.032021623,-0.102026656,-0.10444589,-0.0368455,0.005218855,-0.04598464,0.03935002,-0.085724875,0.08601352,0.031972162,-0.15314966,-0.039342064,0.02148826,-0.033064514,0.019504996,-0.06462733,0.04700773,-0.1028127,-0.032390952,-0.042145383,0.09211541,-0.020886218,0.0561613,0.035682105,-0.01090232,0.014405431,-0.03607141,0.01924815,0.052679975,-0.027760683,0.06712917,-0.11657878,-0.030777656,0.037998892,-0.012845189,0.03822007,0.040191602,0.0680039,-0.058685336,0.110012114,-0.13194941,0.08595237,-0.08804913,-0.15877785,-0.19694911,-0.015187351,0.09303924,-0.082858466,0.0051032235,0.31871825,-0.26804906,-0.17436272,0.008893687
0.56973636,-0.13405955,0.80188036,-0.42063385,-0.83018255,0.8986613,-0.38275614,-0.108546354,0.29985866,-0.5056657,0.21292046,-0.007894742,0.14889708,-0.095070414,-0.9,-0.9,-0.9,-0.9,-0.9,-0.9,-0.9,-0.9,-0.9,-0.9,-0.9,-0.9,-0.9,-0.9,-0.9,-0.9,-0.9,-0.2251694,0.16840336,-0.9,-0.9,0.25049075,-0.30120987,-0.07573909,-0.9,-0.9,-0.9,-0.43024993,-0.9,0.17628185,-0.9,0.5930569,-0.116270475,0.8216802,-0.46879137,-0.82901037,0.90273964,-0.36365712,-0.09923138,0.3346782,-0.5476374,0.2312924,-0.017752854,0.15473157,-0.06803221,-0.9207166,-0.9289094,-0.93203634,-0.933727,-0.92431515,-0.9312413,-0.9188876,-0.90117824,-0.8996263,-0.90216726,-0.89994574,-0.9023299,-0.908056,-0.9029774,-0.91106147,-0.9159612,-0.8916943,-0.29662228,0.2175514,-0.8976136,-0.87078923,0.27961534,-0.31699052,-0.1670995,-0.89484215,-0.8958249,-0.8952313,-0.328464,-0.8937381,0.060094673,-0.89721286,-1.4278859,-0.7292304,-0.31905705,0.71283656,0.023039402,-0.13473208,-0.031878617,-0.079932995,0.014828836,-0.109268546,0.0015637052,0.13530205,-0.18121961,-0.0104650995,-0.08028882,0.062889904,0.0977766,0.18006818,0.0014680837,-0.051504105,0.080944754,-0.117501356,-0.02831398,-0.17216416,-0.09893941,0.10460103,0.14659595,0.1790015,-0.26943693,0.070205,-0.16173817,-0.18916938,0.2809338,-0.08657054,-0.063895725,0.138079,0.09273499,-0.15030342,-0.064717345,0.13532841,0.03570966,-0.006003364,0.09562765,-0.18463129,0.08578496,0.017387487,-0.04684634,-0.2347029,-0.04904632,0.037274104,-0.06483846,-0.051526796,-0.15090373,-0.17128442,-0.049786314,0.0013498593,-0.094862625,0.026728604,-0.14416349,0.14256121,0.09113149,-0.32472375,-0.13787693,0.0464094,-0.07910505,0.017792448,-0.085197635,0.100024946,-0.17494603,-0.0655271,-0.053315856,0.13941519,-0.04844737,0.082172886,0.09319764,-0.030673694,0.02515352,-0.06770571,0.056964636,0.07918214,-0.086329766,0.09354484,-0.16181092,-0.041375265,0.058920432,-0.05418303,0.09909762,0.10451432,0.08878494,-0.10888651,0.16960612,-0.20597091,0.12988605,-0.14137536,-0.15578207,-0.19363596,-0.020664342,0.09530663,-0.06423517,0.012496004,0.30294535,-0.26653394,-0.17404267,0.014337313
0.56970227,-0.13405955,0.8018931,-0.42063385,-0.8302039,0.8986613,-0.38275614,-0.10974443,0.29731387,-0.5052408,0.21066566,0.0,0.15220591,-0.088732384,-0.9,-0.9,-0.9,-0.9,-0.9,-0.9,-0.9,-0.9,-0.9,-0.89709675,-0.9,-0.9,-0.9,-0.9,-0.9,-0.9,-0.9,-0.22117865,0.16827396,-0.9,-0.9,0.2428973,-0.30335844,-0.07748977,-0.9,-0.9,-0.9,-0.4273017,-0.9,0.1854827,-0.9,0.5854104,-0.13658643,0.80430156,-0.47392717,-0.8225053,0.89112973,-0.35395145,-0.084581286,0.3109903,-0.5252877,0.23820359,-0.027548024,0.13473298,-0.042497296,-0.9149966,-0.92272353,-0.92535,-0.92681783,-0.92343915,-0.9332183,-0.9216998,-0.90915865,-0.8918682,-0.89109796,-0.8883225,-0.8845288,-0.9010263,-0.8964305,-0.90272546,-0.90993476,-0.88104624,-0.26791897,0.21481852,-0.8886469,-0.8735912,0.28580174,-0.3280933,-0.08336362,-0.889919,-0.87171763,-0.89431936,-0.3173583,-0.88725644,0.07999781,-0.88682926,-1.7375652,-0.9740878,-0.31199145,0.69380623,0.02407443,-0.19298138,-0.07852434,-0.113711834,0.027017446,-0.1637395,0.002771511,0.23047416,-0.2596758,0.009440785,-0.13865481,0.086811215,0.14490707,0.28602043,0.0026662278,-0.08802637,0.12433404,-0.17725664,-0.047321107,-0.23654968,-0.16440554,0.13816088,0.22805525,0.24666603,-0.39512095,0.123777926,-0.22006565,-0.29330057,0.42511645,-0.12606125,-0.11558796,0.21389234,0.11603339,-0.23296447,-0.09770681,0.19961545,0.06240339,-0.024951234,0.18768924,-0.30838862,0.12925813,0.049138755,-0.08021516,-0.36642045,-0.10084699,0.053785123,-0.08531882,-0.064728454,-0.19176717,-0.23426688,-0.057562053,-0.007413067,-0.13626532,0.006149101,-0.20652893,0.18560071,0.13721015,-0.46839204,-0.25253513,0.080257505,-0.13474402,0.021901874,-0.110097654,0.15721665,-0.2446285,-0.08203937,-0.05855614,0.19960798,-0.072174385,0.10049382,0.14532769,-0.03981747,0.027187174,-0.10283353,0.089407526,0.11415117,-0.15146816,0.12075247,-0.19947252,-0.05493905,0.07183604,-0.11586576,0.16429801,0.16971223,0.096757144,-0.15554042,0.23586693,-0.27554458,0.16427034,-0.20507908,-0.15282056,-0.18903203,-0.028416526,0.09763939,-0.042708106,0.020610647,0.28938043,-0.263483,-0.17516804,0.025450086
0.56973636,-0.13405955,0.80188036,-0.42063385,-0.8301932,0.8986279,-0.38275614,-0.10926523,0.29816213,-0.5048159,0.21259835,0.0,0.15220591,-0.06971831,-0.9,-0.9,-0.9,-0.9,-0.9,-0.9,-0.9,-0.9,-0.9,-0.9,-0.9,-0.9,-0.9,-0.9,-0.9,-0.9,-0.9,-0.22485693,0.16835368,-0.9,-0.9,0.24437392,-0.30334416,-0.074975036,-0.9,-0.9,-0.9,-0.4268071,-0.9,0.17269906,-0.9,0.5801207,-0.14279181,0.79750425,-0.47716537,-0.82299507,0.88330877,-0.34926674,-0.07090492,0.29198426,-0.5094854,0.24470489,-0.032144845,0.1225911,-0.023813527,-0.9084223,-0.9163509,-0.91788214,-0.9189046,-0.9231316,-0.93437415,-0.9239304,-0.914149,-0.88816273,-0.8844958,-0.88190705,-0.87305224,-0.894554,-0.8905277,-0.8956729,-0.90381455,-0.8787083,-0.24434622,0.21791041,-0.88263667,-0.8795673,0.30542353,-0.3302972,-0.024353418,-0.8897353,-0.8593093,-0.89517254,-0.3303424,-0.88565224,0.10524921,-0.88010055,-2.0548475,-1.2244623,-0.30821702,0.67018557,0.01935218,-0.2433087,-0.12948799,-0.13787176,0.047896203,-0.20804687,-0.007008634,0.32862824,-0.33537003,0.03198625,-0.19493969,0.09535237,0.19441351,0.383642,0.0030078108,-0.121459164,0.1619141,-0.23245743,-0.07345268,-0.29410756,-0.23148644,0.1738277,0.3126329,0.3076695,-0.50765175,0.17220536,-0.26255646,-0.3904874,0.54237807,-0.16352837,-0.17843208,0.28325185,0.14045943,-0.31709197,-0.13469593,0.2634752,0.07858512,-0.056683857,0.28628033,-0.4202265,0.1753318,0.08995545,-0.11413657,-0.48193005,-0.15704234,0.06768267,-0.105304785,-0.06867768,-0.22776979,-0.29131338,-0.058346946,-0.02028429,-0.1703746,-0.021778127,-0.271389,0.2176505,0.17293125,-0.57034665,-0.3715515,0.12001764,-0.1966157,0.03618804,-0.14066051,0.2194314,-0.31015876,-0.08267336,-0.06333624,0.27116817,-0.093902044,0.11184367,0.189878,-0.038475733,0.018970845,-0.14248462,0.11452344,0.15757915,-0.21771465,0.14846736,-0.23465203,-0.0732157,0.076306105,-0.19077846,0.22897772,0.23240647,0.09497172,-0.19620197,0.30494437,-0.3396378,0.19106002,-0.27679995,-0.15003465,-0.18318333,-0.038311288,0.09984564,-0.018043663,0.029333498,0.27801818,-0.25901952,-0.17756478,0.042252943
0.56970227,-0.13405955,0.80188036,-0.42063385,-0.8301932,0.89859444,-0.38275614,-0.10950483,0.29858628,-0.50609064,0.21195413,-0.015789477,0.15551473,-0.076056354,-0.9,-0.9,-0.9,-0.9,-0.9,-0.9,-0.9,-0.9,-0.9,-0.9,-0.9,-0.9,-0.9,-0.9,-0.9,-0.9,-0.9,-0.22749317,0.1685821,-0.9,-0.9,0.24752025,-0.30242544,-0.081798844,-0.9,-0.9,-0.9,-0.43112823,-0.9,0.18229945,-0.9,0.5781617,-0.13936031,0.7985735,-0.47793058,-0.8283192,0.8791731,-0.34838003,-0.06206793,0.2810613,-0.501652,0.24857627,-0.033203505,0.117323495,-0.013336427,-0.9031574,-0.91121787,-0.9113895,-0.9121829,-0.9236751,-0.93545157,-0.9258255,-0.9176794,-0.88697946,-0.8815797,-0.879364,-0.8673484,-0.88947713,-0.8860136,-0.89065963,-0.89854056,-0.8804961,-0.23077281,0.22275516,-0.8794682,-0.88528436,0.32025787,-0.32756355,0.011253649,-0.89162546,-0.85665804,-0.8964329,-0.3511384,-0.8875717,0.12731092,-0.87656313,-2.3613408,-1.466677,-0.3077901,0.6421648,0.008898842,-0.28647712,-0.18250668,-0.15229872,0.07705316,-0.239842,-0.027309205,0.42019355,-0.4054235,0.055073574,-0.24803157,0.08989109,0.24544097,0.46566004,-0.0003825845,-0.15099873,0.19185121,-0.2810811,-0.10559694,-0.34394234,-0.2982597,0.2119031,0.394702,0.3604259,-0.59581774,0.21565212,-0.2914381,-0.47456434,0.62705684,-0.19568591,-0.24809492,0.34539106,0.16568173,-0.39627343,-0.17237419,0.324705,0.0838578,-0.09944493,0.3831039,-0.5121919,0.22228016,0.13848156,-0.14530392,-0.5716722,-0.21225867,0.078149974,-0.12630746,-0.062436543,-0.2597542,-0.33993605,-0.050197314,-0.036264192,-0.19741876,-0.057759903,-0.33783913,0.24025752,0.20213896,-0.63561815,-0.4817511,0.16419117,-0.26132673,0.061388753,-0.1760521,0.28572965,-0.37009504,-0.06905458,-0.071138054,0.34699112,-0.11511368,0.11647388,0.22604895,-0.027594218,0.0007581505,-0.1864983,0.13151489,0.20776993,-0.281349,0.17717494,-0.27004537,-0.09764746,0.07269615,-0.27055293,0.28985554,0.2897662,0.086253725,-0.23016095,0.37176284,-0.39753363,0.21254957,-0.35323477,-0.14766808,-0.17630318,-0.050010856,0.10180256,0.009838664,0.038640503,0.2689953,-0.25340757,-0.18096578,0.06447568
0.56970227,-0.13405955,0.80188036,-0.42063385,-0.8302039,0.8985442,-0.38275614,-0.10926523,0.297738,-0.50651556,0.21324258,-0.007894742,0.15882355,-0.08239438,-0.9,-0.9,-0.9,-0.9,-0.9,-0.9,-0.9,-0.9,-0.9,-0.9,-0.9,-0.9,-0.9,-0.9,-0.9,-0.9,-0.9,-0.2236487,0.17923775,-0.9,-0.9,0.2394246,-0.2973189,-0.075873524,-0.9,-0.9,-0.9,-0.42415696,-0.9,0.17836174,-0.9,0.57741547,-0.13430996,0.8021692,-0.47473118,-0.8344948,0.8773746,-0.3488936,-0.059064627,0.27752653,-0.4993469,0.24858433,-0.03237177,0.11655381,-0.009708434,-0.9009789,-0.9086871,-0.907646,-0.90862364,-0.92547244,-0.9371537,-0.92799026,-0.9210388,-0.88777673,-0.88135964,-0.8794842,-0.86565,-0.8862595,-0.8831236,-0.8876842,-0.89483964,-0.883481,-0.22726597,0.22654586,-0.87863237,-0.8902837,0.3266293,-0.32240146,0.030977717,-0.8935587,-0.85969347,-0.897453,-0.37116122,-0.8913291,0.14785933,-0.87506837,-2.641525,-1.6901829,-0.3106403,0.61004955,-0.0069835847,-0.3238935,-0.23513916,-0.15656294,0.112712875,-0.2583484,-0.05703692,0.49665365,-0.4662368,0.07638656,-0.29664353,0.072413884,0.29624665,0.52842885,-0.009112641,-0.1761008,0.21303825,-0.3217398,-0.14205948,-0.38559613,-0.3616622,0.25184146,0.4677884,0.40438014,-0.6567737,0.25465173,-0.30820805,-0.54186815,0.68328655,-0.22143449,-0.31926525,0.40012205,0.19128782,-0.46491086,-0.20796992,0.38082257,0.07902825,-0.15066715,0.4690702,-0.5808347,0.2687104,0.19251004,-0.17124052,-0.63458705,-0.26250422,0.08459029,-0.14911878,-0.046018485,-0.28805578,-0.37829396,-0.031914517,-0.05485386,-0.21714854,-0.10170296,-0.40307143,0.25384632,0.22780418,-0.6758073,-0.5718538,0.21100895,-0.32518807,0.09665294,-0.21404478,0.35292745,-0.42318124,-0.042923607,-0.08394239,0.41913548,-0.13620001,0.114112094,0.25302505,-0.008011969,-0.026858825,-0.23368715,0.13981761,0.26200557,-0.33877313,0.20702593,-0.3065678,-0.12854919,0.061176963,-0.34633833,0.34397054,0.33908513,0.072906956,-0.2577891,0.43192002,-0.44846395,0.23048101,-0.4291173,-0.14595301,-0.16864194,-0.063099004,0.10348948,0.040842947,0.048576202,0.2623942,-0.24700607,-0.18507153,0.09161644
0.56973636,-0.1340722,0.80188036,-0.4206213,-0.8301719,0.8985275,-0.38275614,-0.10902559,0.2994345,-0.5073654,0.21292049,-0.015789477,0.15551473,-0.06338028,-0.9,-0.9,-0.9,-0.9,-0.9,-0.9,-0.9,-0.9,-0.9,-0.9,-0.9,-0.9,-0.9,-0.9,-0.9,-0.9,-0.9,-0.2247653,0.16893153,-0.9,-0.9,0.24354565,-0.3055402,-0.077886686,-0.9,-0.9,-0.9,-0.42482617,-0.9,0.17707118,-0.9,0.5757629,-0.13001104,0.80560195,-0.46781638,-0.8405715,0.8767851,-0.350672,-0.060420603,0.28146243,-0.5007129,0.24717855,-0.028151916,0.11939714,-0.010352912,-0.9011806,-0.9081109,-0.90578306,-0.9072944,-0.9274534,-0.938793,-0.929786,-0.9238957,-0.88911724,-0.88222,-0.880565,-0.86604553,-0.8847517,-0.8817283,-0.8862808,-0.89263225,-0.88616073,-0.22726555,0.22563148,-0.8790985,-0.89354306,0.3240372,-0.31748992,0.039634682,-0.89408565,-0.8646348,-0.8974705,-0.38419253,-0.8954032,0.15699029,-0.8742632,-2.8862836,-1.8880943,-0.3164992,0.574242,-0.027799722,-0.35696864,-0.28488445,-0.1503555,0.15227807,-0.26395723,-0.0940215,0.5536936,-0.51518685,0.093628116,-0.33976483,0.0454065,0.34454557,0.57247007,-0.023868464,-0.1961766,0.2245733,-0.35352826,-0.18083352,-0.41896337,-0.41856223,0.2921172,0.526749,0.44023052,-0.6950359,0.28979844,-0.31411862,-0.59233326,0.71939164,-0.24110515,-0.38646713,0.44741702,0.21669437,-0.51983637,-0.23931822,0.4296373,0.06586164,-0.20687129,0.53773296,-0.62782,0.31326777,0.2491962,-0.19039026,-0.67565536,-0.30546564,0.08627702,-0.17394824,-0.019837677,-0.31307343,-0.40567806,-0.0029903841,-0.07598556,-0.22907344,-0.15241559,-0.46293288,0.25832516,0.2522391,-0.701037,-0.63753814,0.25837696,-0.3846075,0.14004198,-0.25169483,0.4166395,-0.46864587,-0.0061796564,-0.102508344,0.48136786,-0.15654935,0.10437609,0.27052945,0.019307464,-0.062821396,-0.2821056,0.13894387,0.31712738,-0.38707662,0.23779796,-0.34377965,-0.16483244,0.04153328,-0.41081363,0.3888474,0.3784183,0.05687069,-0.28001124,0.48277494,-0.49201715,0.24574511,-0.49819162,-0.1450253,-0.1604364,-0.07717379,0.105027154,0.07467918,0.059219442,0.25816464,-0.24021934,-0.18959725,0.12296564
0.56970227,-0.13405955,0.80188036,-0.42063385,-0.8301932,0.89851075,-0.38275614,-0.110223666,0.2960415,-0.5069405,0.21195413,-0.007894734,0.15551473,-0.076056354,-0.9,-0.9,-0.9,-0.9,-0.9,-0.9,-0.9,-0.9,-0.9,-0.9,-0.9,-0.9,-0.9,-0.9,-0.9,-0.9,-0.9,-0.22839284,0.16710302,-0.9,-0.9,0.24374638,-0.3065104,-0.0806125,-0.9,-0.9,-0.9,-0.4301586,-0.9,0.17536893,-0.9,0.5733902,-0.1266525,0.8075243,-0.45757622,-0.846222,0.8769304,-0.3533128,-0.06523273,0.28859746,-0.50331944,0.24454811,-0.023264807,0.12322691,-0.013708195,-0.90365386,-0.9092728,-0.9056911,-0.9080563,-0.9301853,-0.9409393,-0.93185276,-0.92709243,-0.8909632,-0.8838957,-0.882435,-0.86802363,-0.8843377,-0.88149345,-0.88606524,-0.89165694,-0.8888079,-0.22719623,0.21707672,-0.88056433,-0.8961364,0.31973624,-0.3139703,0.037608415,-0.89376104,-0.87116736,-0.8969381,-0.39325503,-0.90013003,0.15218689,-0.8743437,-3.0929348,-2.0578566,-0.32493713,0.5352694,-0.05294544,-0.38673836,-0.32946923,-0.13351315,0.19303185,-0.2575645,-0.13588376,0.5917806,-0.55156076,0.10489373,-0.37658384,0.011068559,0.388326,0.60096544,-0.044131793,-0.21054699,0.22604674,-0.37603477,-0.21991651,-0.4446003,-0.46674612,0.33095875,0.5698352,0.4691789,-0.71750647,0.32151237,-0.3103077,-0.6283046,0.7428252,-0.25556496,-0.44538662,0.48730662,0.24139783,-0.56082207,-0.26480076,0.46979558,0.04623937,-0.26427367,0.58740586,-0.65759534,0.35503426,0.3054553,-0.20173246,-0.701522,-0.34028548,0.082937196,-0.20062563,0.015526624,-0.33508444,-0.42227462,0.036162827,-0.099570766,-0.23298383,-0.20780918,-0.5141027,0.25333348,0.27630922,-0.71788263,-0.6815612,0.3043347,-0.43666875,0.18930547,-0.28612253,0.47289246,-0.50641286,0.03926796,-0.12668563,0.5303842,-0.17493625,0.086854525,0.2785224,0.053250562,-0.10576059,-0.32951432,0.12834656,0.3699965,-0.42485723,0.2687157,-0.38056985,-0.20476502,0.01362175,-0.45980835,0.4233948,0.40679416,0.039706398,-0.2980403,0.52351785,-0.5282702,0.2587943,-0.5557829,-0.14490688,-0.15188128,-0.09188417,0.10664361,0.110860884,0.07063259,0.25614014,-0.23343512,-0.19431971,0.15762058
0.56919056,-0.13404688,0.80188036,-0.42063385,-0.83018255,0.8985275,-0.38275614,-0.11741229,0.3053723,-0.50906515,0.21066563,0.015789485,0.15882355,-0.057042252,-0.9,-0.9,-0.9,-0.9,-0.9,-0.9,-0.9,-0.9,-0.9,-0.9,-0.9,-0.9,-0.9,-0.9,-0.9,-0.9,-0.9,-0.21577117,0.17563866,-0.9,-0.9,0.24702834,-0.30395108,-0.07756643,-0.9,-0.9,-0.9,-0.42389518,-0.9,0.18280049,-0.9,0.5705512,-0.12636842,0.8076417,-0.44661182,-0.85030746,0.87744516,-0.35518682,-0.07229896,0.29685158,-0.5059578,0.2408511,-0.019574072,0.1266191,-0.019255254,-0.9081274,-0.9121498,-0.90751356,-0.9109123,-0.9333929,-0.94332075,-0.9340848,-0.93036795,-0.8930484,-0.8859255,-0.884622,-0.8706951,-0.8846634,-0.882051,-0.8866628,-0.89176416,-0.89109695,-0.22594795,0.20462117,-0.88229614,-0.8983247,0.31800392,-0.3114575,0.02909059,-0.89212006,-0.87842673,-0.8960746,-0.3981957,-0.9045947,0.14411263,-0.8747876,-3.263898,-2.1999154,-0.33543566,0.49380308,-0.081840076,-0.41390502,-0.36754066,-0.1063114,0.2326418,-0.24017136,-0.18032184,0.6143839,-0.5765741,0.10874404,-0.40687582,-0.028340349,0.42612994,0.6179313,-0.06900995,-0.218679,0.2174613,-0.38963935,-0.25736836,-0.46338773,-0.5053717,0.3667707,0.5985262,0.49254686,-0.73003775,0.3501539,-0.2979602,-0.65312093,0.75881004,-0.26584992,-0.49390072,0.5203687,0.26516187,-0.5897516,-0.28358543,0.5011968,0.021927595,-0.31918225,0.62046605,-0.6751734,0.39330634,0.35837802,-0.20494567,-0.71769464,-0.36720407,0.07450809,-0.22856171,0.05931705,-0.3544643,-0.42895642,0.08440398,-0.12530859,-0.2287891,-0.26517525,-0.555295,0.2385059,0.30061463,-0.729999,-0.7097821,0.34701046,-0.47980997,0.24173576,-0.31520918,0.5193977,-0.5372656,0.09122612,-0.15600161,0.56602156,-0.19034709,0.061435048,0.2775704,0.09238393,-0.15394787,-0.37377307,0.10784877,0.41794255,-0.45223364,0.29902115,-0.41571495,-0.24624014,-0.02265059,-0.49272656,0.44791576,0.42448705,0.022983622,-0.31296068,0.55498576,-0.55803835,0.26987,-0.6002713,-0.1455351,-0.14312576,-0.10693539,0.10860747,0.14872587,0.08283546,0.25608784,-0.22697762,-0.1990907,0.1945236
0.56874704,-0.13403425,0.80188036,-0.42063385,-0.8301612,0.898494,-0.38275614,-0.118610285,0.30452403,-0.50609064,0.21292047,0.023684219,0.15882355,-0.076056354,-0.9,-0.9,-0.9,-0.9,-0.9,-0.9,-0.9,-0.9,-0.9,-0.9,-0.9,-0.9,-0.9,-0.9,-0.9,-0.9,-0.9,-0.22188386,0.16576202,-0.9,-0.9,0.2518869,-0.3059052,-0.07041008,-0.9,-0.9,-0.9,-0.4272892,-0.9,0.17259082,-0.9,0.5677964,-0.12747036,0.80701846,-0.4370469,-0.85354024,0.87822473,-0.35700428,-0.078743935,0.3062343,-0.5079328,0.23827296,-0.015330566,0.12910491,-0.024379205,-0.9134522,-0.91564465,-0.9098849,-0.9141861,-0.93615025,-0.9452347,-0.9358233,-0.9329837,-0.894723,-0.88770604,-0.88661695,-0.8737223,-0.8853771,-0.8829231,-0.8877058,-0.89251727,-0.89306587,-0.21983832,0.1917839,-0.88346475,-0.8995813,0.32064962,-0.30900744,0.019553073,-0.8890972,-0.8847759,-0.89468837,-0.3977532,-0.90874255,0.13111897,-0.8748085,-3.4035146,-2.316283,-0.34745574,0.45063743,-0.11368932,-0.43871817,-0.39846724,-0.06919955,0.26928642,-0.21258484,-0.22487207,0.6254305,-0.5923054,0.10415219,-0.43088594,-0.07064854,0.4573822,0.6268763,-0.097397044,-0.2201847,0.19884934,-0.39520723,-0.29165834,-0.47637275,-0.53493726,0.3983442,0.6155182,0.5117679,-0.73641545,0.3759929,-0.27784353,-0.66998905,0.77028525,-0.2730548,-0.53172594,0.54735357,0.28769612,-0.60935205,-0.2955451,0.52464426,-0.0055247634,-0.368489,0.6409492,-0.6844338,0.4274813,0.40558332,-0.20009506,-0.7277784,-0.3872422,0.06085439,-0.2569772,0.11037525,-0.3714771,-0.42679226,0.14015919,-0.1529354,-0.21636352,-0.32148388,-0.5867644,0.21362662,0.3253579,-0.739131,-0.72764355,0.3851571,-0.5140269,0.29443836,-0.33743858,0.5557327,-0.5623059,0.14717473,-0.18958299,0.59017175,-0.20177147,0.028264843,0.26837417,0.13506253,-0.20519623,-0.41315293,0.07724385,0.45941126,-0.47022477,0.32786548,-0.44799423,-0.28699723,-0.06696545,-0.51128626,0.46360406,0.43250674,0.007935328,-0.3256707,0.57888895,-0.5823727,0.27890402,-0.632649,-0.14680299,-0.1342837,-0.1220845,0.11117638,0.18747894,0.09580029,0.2577546,-0.2210883,-0.20383233,0.23252764
0.5686447,-0.13395844,0.80188036,-0.42063385,-0.8301719,0.89851075,-0.38275614,-0.11813105,0.31258246,-0.5082153,0.21259835,0.015789485,0.15551473,-0.06338028,-0.9,-0.9,-0.9,-0.9,-0.9,-0.9,-0.9,-0.9,-0.9,-0.9,-0.9,-0.9,-0.9,-0.9,-0.9,-0.9,-0.9,-0.2250633,0.16210735,-0.9,-0.9,0.25043625,-0.30281866,-0.077017166,-0.9,-0.9,-0.9,-0.42818907,-0.9,0.16867802,-0.9,0.56538445,-0.13072744,0.80481064,-0.42950818,-0.8549114,0.87894285,-0.35712838,-0.08544087,0.31351808,-0.508728,0.23519509,-0.013719361,0.12983602,-0.030138861,-0.9197349,-0.92010427,-0.91364557,-0.91878456,-0.9390965,-0.9472275,-0.9376511,-0.9356658,-0.89668036,-0.8898099,-0.8888316,-0.8767824,-0.8860362,-0.8838902,-0.88896513,-0.89383775,-0.8941646,-0.20832653,0.17828965,-0.88344264,-0.900521,0.32724893,-0.30711353,0.010736105,-0.8844903,-0.8914494,-0.8929437,-0.39471743,-0.91182864,0.121428385,-0.87461364,-3.5161679,-2.4098547,-0.36047438,0.40665632,-0.14744388,-0.46095642,-0.42229134,-0.022515455,0.30180776,-0.17529191,-0.26747456,0.6280348,-0.6008237,0.090277925,-0.44919908,-0.1142412,0.48247662,0.6304135,-0.12786223,-0.21471204,0.17022459,-0.39368442,-0.32181346,-0.48468515,-0.5567901,0.42514315,0.6235967,0.5279156,-0.73885703,0.3991412,-0.2505318,-0.6812442,0.7787588,-0.27793387,-0.55997854,0.5690424,0.30880117,-0.6221547,-0.30096555,0.5414446,-0.035132315,-0.41042075,0.6526367,-0.6878609,0.45736882,0.44565138,-0.18718463,-0.7339252,-0.40164343,0.042189214,-0.28510374,0.16708255,-0.3862574,-0.41674584,0.20120472,-0.18197215,-0.19558035,-0.37394124,-0.6099601,0.17832366,0.34992623,-0.74610895,-0.73893094,0.4184007,-0.540288,0.3448718,-0.35197112,0.58290195,-0.5827015,0.20450358,-0.22614618,0.6053187,-0.20820414,-0.012447203,0.25119153,0.17947417,-0.25717807,-0.4466757,0.036291618,0.49403182,-0.48021698,0.3543741,-0.47660497,-0.32531086,-0.118424475,-0.51796967,0.4721336,0.4321127,-0.0047527347,-0.3368763,0.5970827,-0.602383,0.2857334,-0.655381,-0.14858563,-0.12545319,-0.13713118,0.11457214,0.22622736,0.10945223,0.26089564,-0.21593216,-0.20851779,0.27045786
0.5685419,-0.1337941,0.80188036,-0.42063385,-0.8301612,0.89851075,-0.38275614,-0.120047994,0.30961356,-0.50906515,0.21227624,0.023684219,0.15551473,-0.057042252,-0.9,-0.9,-0.9,-0.9,-0.9,-0.9,-0.9,-0.9,-0.9,-0.9,-0.9,-0.9,-0.9,-0.9,-0.9,-0.9,-0.9,-0.21496876,0.17611481,-0.9,-0.9,0.25293586,-0.3063833,-0.078147665,-0.9,-0.9,-0.9,-0.42561862,-0.9,0.17594776,-0.9,0.56304604,-0.13465638,0.8019776,-0.42413437,-0.8549203,0.8796735,-0.35720086,-0.09038086,0.31923348,-0.50790143,0.23303992,-0.012868498,0.12878315,-0.03460236,-0.92634475,-0.92482144,-0.9178655,-0.92360353,-0.94174904,-0.94892627,-0.93918437,-0.93799615,-0.8985364,-0.89184415,-0.89095813,-0.8798007,-0.8867464,-0.88496643,-0.8905419,-0.8955889,-0.8945038,-0.19313058,0.16602935,-0.88190603,-0.90067,0.33448374,-0.30497482,0.0017810967,-0.87825155,-0.8968161,-0.89023674,-0.3892131,-0.91389805,0.11067248,-0.8733201,-3.6055663,-2.4834366,-0.37400383,0.36275974,-0.18186402,-0.48057333,-0.4395944,0.032975506,0.3295883,-0.1286325,-0.30650797,0.62445074,-0.60395133,0.06649899,-0.4626254,-0.15736808,0.50215715,0.63021517,-0.15933123,-0.2022122,0.13153172,-0.38607022,-0.34727538,-0.4891772,-0.5725234,0.4470333,0.6249401,0.5419315,-0.73860466,0.41981703,-0.21622333,-0.6886756,0.7851276,-0.28142846,-0.5804256,0.58638716,0.32840773,-0.63019794,-0.30043048,0.55287194,-0.06610001,-0.44416344,0.6584135,-0.68712384,0.48287573,0.47809428,-0.16656542,-0.73734546,-0.41167855,0.018420408,-0.3120721,0.2271728,-0.3988681,-0.3996904,0.26477298,-0.21197818,-0.16617002,-0.4203746,-0.62657,0.13225539,0.37408742,-0.7513636,-0.74592674,0.44669205,-0.5601852,0.39073628,-0.3585869,0.602595,-0.59958965,0.26044166,-0.26432395,0.6139554,-0.2090741,-0.06010599,0.22643512,0.22379974,-0.30745086,-0.47404912,-0.014873853,0.5222357,-0.4835657,0.3780132,-0.5011028,-0.3594937,-0.17572454,-0.5151754,0.47514313,0.4245894,-0.014518837,-0.34708485,0.61129755,-0.619081,0.29020673,-0.6709522,-0.15075366,-0.11673339,-0.15192084,0.11897676,0.26403898,0.12368371,0.26528582,-0.21161248,-0.21315016,0.30719376
0.5682684,-0.1334907,0.80188036,-0.4206213,-0.8301612,0.89851075,-0.38275614,-0.12172534,0.32148919,-0.51076484,0.21292046,0.031578954,0.16213238,-0.057042252,-0.9,-0.9,-0.9,-0.9,-0.9,-0.9,-0.9,-0.9,-0.9,-0.9,-0.9,-0.9,-0.9,-0.9,-0.9,-0.9,-0.9,-0.20915169,0.17782047,-0.9,-0.9,0.25495267,-0.2993274,-0.075021975,-0.9,-0.9,-0.9,-0.41726226,-0.9,0.17800084,-0.9,0.5621853,-0.13908805,0.7987738,-0.4220335,-0.8531733,0.8801749,-0.35665256,-0.0935931,0.32443234,-0.50580317,0.23152705,-0.011588375,0.12667044,-0.03736754,-0.9330125,-0.9296526,-0.9224103,-0.92836547,-0.94368446,-0.9500272,-0.94015586,-0.9397092,-0.9004005,-0.8939344,-0.89301467,-0.88275015,-0.8876655,-0.8860271,-0.8922265,-0.8976497,-0.8933399,-0.1693459,0.15781964,-0.87724817,-0.89912623,0.33831188,-0.3020343,-0.0023915274,-0.86920416,-0.9000345,-0.8860221,-0.3795327,-0.9140804,0.10477397,-0.87010217,-3.6741738,-2.539912,-0.3876089,0.31978866,-0.21556373,-0.49729022,-0.45119464,0.096348666,0.35257584,-0.072870426,-0.34089878,0.6159653,-0.60292786,0.032177426,-0.47195375,-0.19866486,0.51752466,0.6273656,-0.19061808,-0.1825427,0.08252824,-0.3732048,-0.3679084,-0.4906448,-0.58366156,0.46431547,0.62099713,0.5544318,-0.7363641,0.43815312,-0.17498402,-0.6933802,0.78988254,-0.28419966,-0.59484345,0.6002067,0.34655827,-0.6349152,-0.29454082,0.5601565,-0.098019026,-0.47016793,0.66010636,-0.68314755,0.50429326,0.5032669,-0.1384397,-0.73873264,-0.41851428,-0.010266212,-0.33718446,0.28805995,-0.40935832,-0.37608537,0.32760397,-0.24244109,-0.12777673,-0.45956513,-0.63823795,0.07507001,0.39716408,-0.7551854,-0.74995536,0.47064373,-0.575195,0.43068153,-0.35737315,0.6165892,-0.6138002,0.31264436,-0.30257207,0.6179142,-0.20399056,-0.11390632,0.19398908,0.26644525,-0.35386226,-0.49559036,-0.07575451,0.5449995,-0.48144916,0.39858416,-0.52151066,-0.38859913,-0.23688352,-0.50461894,0.4740544,0.4109098,-0.021109765,-0.35663956,0.62281173,-0.63324594,0.2921485,-0.6814109,-0.15318075,-0.10823291,-0.16633797,0.12453556,0.3000162,0.13836144,0.2707191,-0.20818658,-0.2177515,0.34175336
0.5680979,-0.13271959,0.80188036,-0.42063385,-0.8301612,0.898494,-0.38275614,-0.11932916,0.30452406,-0.50311613,0.21259835,0.007894742,0.15551473,-0.06971832,-0.9,-0.9,-0.9,-0.9,-0.9,-0.9,-0.9,-0.9,-0.9,-0.9,-0.9,-0.9,-0.9,-0.9,-0.9,-0.9,-0.9,-0.18911864,0.1850662,-0.9,-0.9,0.27740264,-0.30505836,-0.08420441,-0.9,-0.9,-0.9,-0.4112234,-0.9,0.18193467,-0.9,0.5633741,-0.14323254,0.79490346,-0.42277968,-0.84938914,0.88018364,-0.35547954,-0.09623447,0.3296771,-0.50303936,0.22976176,-0.009261634,0.12448866,-0.039443783,-0.9398422,-0.9348672,-0.92752284,-0.93325007,-0.944473,-0.95019007,-0.9402104,-0.94063497,-0.902384,-0.8960299,-0.8948994,-0.88526165,-0.8889664,-0.8873336,-0.89392376,-0.8999835,-0.8890596,-0.1329798,0.15238349,-0.86722153,-0.89456487,0.32753524,-0.29932255,-0.0028558818,-0.8551853,-0.90040076,-0.8787159,-0.3633259,-0.91084796,0.10280171,-0.8636815,-3.7230775,-2.5820498,-0.4009205,0.27844146,-0.24715164,-0.5107712,-0.45782992,0.16622141,0.37097663,-0.008374656,-0.3701046,0.6031262,-0.5984406,-0.013426658,-0.4778703,-0.23708215,0.5297227,0.6225095,-0.22070701,-0.15556802,0.022895554,-0.35555017,-0.38387433,-0.4896828,-0.5914888,0.4775495,0.61243904,0.5658618,-0.7324241,0.45433342,-0.12666439,-0.69604605,0.793217,-0.28691298,-0.60458136,0.61110526,0.36327752,-0.63724166,-0.28378826,0.56423426,-0.13071007,-0.48950934,0.65878296,-0.6763297,0.5221113,0.52203345,-0.102926865,-0.7384302,-0.42312887,-0.04380916,-0.35988915,0.34687993,-0.41765234,-0.34596744,0.38655704,-0.2729003,-0.079888575,-0.49138948,-0.6461967,0.006552275,0.41838524,-0.75770295,-0.7517526,0.49128973,-0.5865879,0.4641965,-0.34841186,0.6263214,-0.62591827,0.35944942,-0.3392853,0.6183149,-0.19242561,-0.17260444,0.15330607,0.30616373,-0.39481774,-0.5119971,-0.14546362,0.5635225,-0.47462693,0.41611373,-0.53807145,-0.41217837,-0.29930815,-0.4872327,0.46992117,0.3915701,-0.024617003,-0.36578068,0.63247555,-0.64543587,0.29123652,-0.68817306,-0.15574639,-0.10007676,-0.18030624,0.13136162,0.33338177,0.15333948,0.2770079,-0.20567971,-0.22235148,0.37337005
0.5678932,-0.13239092,0.80188036,-0.42063385,-0.8301612,0.89851075,-0.38275614,-0.12100647,0.31894442,-0.50651556,0.21356471,0.023684219,0.15551473,-0.057042252,-0.9,-0.9,-0.9,-0.9,-0.9,-0.9,-0.9,-0.9,-0.9,-0.9,-0.9,-0.9,-0.9,-0.9,-0.9,-0.9,-0.9,-0.19054139,0.1809915,-0.9,-0.9,0.26336116,-0.30515143,-0.083713405,-0.9,-0.9,-0.9,-0.40647444,-0.9,0.18070224,-0.9,0.56799984,-0.14486173,0.7901694,-0.4249347,-0.84280616,0.8789928,-0.35399044,-0.09965748,0.33386695,-0.50016654,0.22548518,-0.006334898,0.12305338,-0.041321255,-0.94725865,-0.9408715,-0.9337344,-0.9386304,-0.94417083,-0.94947374,-0.93944633,-0.9408747,-0.90498805,-0.8984864,-0.8968395,-0.88743585,-0.8910862,-0.8894524,-0.89581287,-0.9025644,-0.8793472,-0.07544934,0.14864485,-0.8481704,-0.8847998,0.28752276,-0.2993859,-0.0051598316,-0.8328757,-0.8956189,-0.8657022,-0.3428813,-0.90196115,0.10405887,-0.85161513,-3.7524166,-2.612601,-0.41364643,0.23921786,-0.27534127,-0.5207792,-0.46007094,0.24055003,0.3852881,0.0639189,-0.3940246,0.5858697,-0.59076023,-0.07094864,-0.48082358,-0.2718267,0.53981894,0.61595714,-0.24865529,-0.12112698,-0.047574222,-0.33320436,-0.39544147,-0.4867658,-0.5969834,0.4872703,0.5992579,0.5766197,-0.7268609,0.46858758,-0.0708337,-0.69715714,0.7952525,-0.29040274,-0.610574,0.61952925,0.37864387,-0.6378546,-0.26847264,0.5657849,-0.16409208,-0.5035401,0.6549326,-0.6667047,0.5369327,0.53553104,-0.060224287,-0.73665607,-0.42647308,-0.082242765,-0.37983102,0.40114576,-0.42355424,-0.30885172,0.43907514,-0.30311593,-0.021977834,-0.5164851,-0.6512493,-0.0729212,0.43686128,-0.7590285,-0.75172436,0.5098345,-0.59534,0.49157593,-0.33157238,0.6329229,-0.6363124,0.4001864,-0.37299505,0.61577207,-0.17377107,-0.2344931,0.10354613,0.34232005,-0.4294503,-0.5241361,-0.22218287,0.5789494,-0.46362293,0.43093723,-0.55105156,-0.4299211,-0.36027372,-0.4633054,0.46346846,0.36659044,-0.025224263,-0.37472728,0.64074725,-0.65593535,0.287017,-0.69203866,-0.15833722,-0.092410676,-0.19378309,0.13953596,0.36354962,0.16846278,0.2839804,-0.20409475,-0.22698079,0.40154272
0.56782496,-0.12935704,0.8019187,-0.42063385,-0.8301612,0.89847726,-0.38272908,-0.1269969,0.42540058,-0.54518414,0.21581952,0.023684219,0.16213238,-0.04436617,-0.9,-0.9,-0.9,-0.9,-0.9,-0.9,-0.9,-0.9,-0.9,-0.89709675,-0.9,-0.9,-0.9,-0.9,-0.9,-0.9,-0.9,-0.00830133,0.24723808,-0.9,-0.9,0.28891093,-0.30457127,-0.1317957,-0.9,-0.9,-0.9,-0.31460038,-0.9,0.18400212,-0.9,0.57413435,-0.1362342,0.7859497,-0.4271168,-0.83435065,0.8748038,-0.35533452,-0.10336126,0.33763784,-0.50034016,0.21837197,-0.0003439039,0.12657589,-0.04502498,-0.9555434,-0.94829786,-0.9410656,-0.9443959,-0.94049513,-0.9456889,-0.93585944,-0.93848,-0.9078645,-0.9006432,-0.898094,-0.8883595,-0.8940187,-0.8931507,-0.89772403,-0.9048228,-0.85699326,0.025076913,0.14864318,-0.80629313,-0.8617884,0.17082252,-0.3062757,-0.017797006,-0.79044205,-0.87865186,-0.837451,-0.31464526,-0.8795378,0.09500834,-0.82420933,-3.7617922,-2.6340292,-0.42557016,0.20239595,-0.2991691,-0.52701765,-0.45830166,0.3166134,0.39625177,0.1419976,-0.41293204,0.5635751,-0.5799719,-0.14083853,-0.48106205,-0.30202043,0.5486937,0.60790706,-0.27385354,-0.079223305,-0.12874706,-0.30612728,-0.40269527,-0.4822547,-0.60097516,0.4939947,0.5808408,0.58695537,-0.71960586,0.48110044,-0.0068873754,-0.697047,0.79609,-0.29562473,-0.6134804,0.62597203,0.3928113,-0.63717526,-0.2487875,0.5653774,-0.19827338,-0.51366264,0.64849627,-0.6542812,0.549453,0.5448274,-0.010640227,-0.73347306,-0.4294088,-0.12595628,-0.39675486,0.44921216,-0.42677686,-0.26372582,0.48360768,-0.33309764,0.046403248,-0.53614134,-0.65400887,-0.16190873,0.45202303,-0.75928414,-0.7500118,0.52759403,-0.602046,0.5134592,-0.30646506,0.63725877,-0.64525765,0.43522036,-0.40275177,0.6102354,-0.14759767,-0.29737508,0.04371545,0.3749113,-0.45751172,-0.5329148,-0.3029683,0.5922148,-0.44864258,0.4441025,-0.5608209,-0.44137564,-0.41742355,-0.4324215,0.45496753,0.3353915,-0.022878474,-0.38352278,0.6478576,-0.66496396,0.27886876,-0.6933553,-0.16084686,-0.08540177,-0.20674998,0.14910628,0.39016917,0.1835721,0.29147586,-0.20342186,-0.231664,0.42604446
0.5675862,-0.10899215,0.80193144,-0.42063385,-0.8301719,0.8984438,-0.3826749,-0.12963265,0.46696514,-0.55835694,0.21549742,0.023684219,0.1654412,-0.057042252,-0.9,-0.9,-0.9,-0.9,-0.9,-0.9,-0.9,-0.9,-0.9,-0.9,-0.9,-0.9,-0.9,-0.9,-0.9,-0.9,-0.9,0.36257285,0.2085689,-0.7974991,-0.9,-0.3789858,-0.28957558,-0.21250981,-0.8666651,-0.9,-0.74924076,-0.054270156,-0.9,-0.13234267,-0.8153474,0.5925207,-0.100938365,0.7837028,-0.43187252,-0.8233268,0.86367404,-0.36124718,-0.107440434,0.344715,-0.51078707,0.20437968,0.015898379,0.14461458,-0.05192141,-0.9659611,-0.95867294,-0.9505602,-0.9504388,-0.9261211,-0.9321376,-0.92344624,-0.92762667,-0.91021186,-0.9010051,-0.89756227,-0.8866875,-0.90010387,-0.9012384,-0.9000294,-0.90629077,-0.79558194,0.21633543,0.15765354,-0.695367,-0.79770684,-0.13038912,-0.32695988,-0.059220377,-0.68909156,-0.8168479,-0.7619304,-0.26247576,-0.8165521,0.056425974,-0.7494536,-3.7496336,-2.649377,-0.4365489,0.16804382,-0.31780252,-0.5288666,-0.45256594,0.39188945,0.4052437,0.22252525,-0.42751622,0.53419644,-0.5657387,-0.22280012,-0.47815043,-0.3274961,0.5573176,0.5983239,-0.29518086,-0.029953271,-0.22018985,-0.27381513,-0.40549797,-0.47672153,-0.60428727,0.49803397,0.5554509,0.59711885,-0.7104553,0.49188304,0.06642219,-0.69585484,0.7957551,-0.3036992,-0.6136252,0.63058364,0.40590304,-0.6355991,-0.22441208,0.5636352,-0.23364122,-0.5217742,0.6386547,-0.6383181,0.56080747,0.5511691,0.045556717,-0.7288269,-0.43290672,-0.17547764,-0.41102126,0.4910631,-0.42664662,-0.2081247,0.5196793,-0.3635161,0.12521645,-0.55195427,-0.6547572,-0.2572072,0.46220285,-0.7585871,-0.7465215,0.54645604,-0.606869,0.53138477,-0.27207273,0.64013636,-0.65277517,0.46628666,-0.42780313,0.60081726,-0.1131487,-0.35916236,-0.027971447,0.40496787,-0.47950736,-0.5392796,-0.3843132,0.6042933,-0.42954135,0.45701355,-0.56767595,-0.44570115,-0.46931857,-0.3933864,0.4442066,0.2963899,-0.017479364,-0.3923032,0.6534779,-0.6723722,0.26581338,-0.6920421,-0.16317941,-0.07923606,-0.21919881,0.16008483,0.41313326,0.19851127,0.29934284,-0.20364946,-0.23642027,0.44689134
0.56697214,-0.06182796,0.8019442,-0.42060876,-0.8301719,0.89842707,-0.3826478,-0.1214857,0.44491047,-0.5604816,0.20937715,0.015789477,0.16875003,-0.06971831,-0.9,-0.9,-0.9,-0.9,-0.9,-0.9,-0.9,-0.9,-0.9,-0.9,-0.9,-0.9,-0.9,-0.9,-0.9,-0.9,-0.41292983,0.6527928,0.21576515,-0.35654223,-0.59965026,-0.79425484,-0.46813306,-0.19971336,-0.3204101,-0.58931303,-0.4397787,-0.15982914,-0.32232696,0.108929016,-0.44574982,0.5834666,0.01443404,0.7897212,-0.4286483,-0.81617695,0.82339895,-0.38394246,-0.08899893,0.34429094,-0.5501196,0.19319727,0.047683448,0.20734979,-0.06476889,-0.9775819,-0.97158587,-0.96065354,-0.9560266,-0.87118137,-0.87499094,-0.87716925,-0.8794351,-0.90845543,-0.8967087,-0.8908244,-0.87770134,-0.90702844,-0.91662806,-0.90326864,-0.90259707,-0.59658736,0.5156128,0.18998964,-0.33164415,-0.56168383,-0.6967167,-0.39306694,-0.22004187,-0.34874836,-0.54329836,-0.49299634,-0.20611034,-0.5831109,-0.103642665,-0.45217133,-3.7110703,-2.6626287,-0.44648558,0.13606533,-0.33064306,-0.52380776,-0.44224554,0.46595958,0.414665,0.30037728,-0.43802673,0.4920276,-0.54690653,-0.31661358,-0.4709723,-0.34852618,0.56724244,0.5871552,-0.3107281,0.0267238,-0.32264706,-0.23480788,-0.40282267,-0.47101957,-0.6083486,0.49924123,0.51813257,0.607598,-0.69849813,0.50058633,0.15218523,-0.6933295,0.7937847,-0.31649348,-0.6107887,0.6331517,0.41787946,-0.6334927,-0.19454691,0.5618821,-0.27084097,-0.53090584,0.6230312,-0.6167607,0.57299036,0.5561118,0.10908029,-0.72246855,-0.43834746,-0.23251632,-0.42374927,0.52867645,-0.4214876,-0.13650224,0.54786086,-0.39675942,0.21449946,-0.5664801,-0.6531624,-0.3545831,0.46347505,-0.75652766,-0.7406711,0.569976,-0.6092229,0.5473865,-0.22514988,0.6422711,-0.65830386,0.497635,-0.44723675,0.5844646,-0.06844823,-0.41891396,-0.11527043,0.43526453,-0.49643084,-0.5445138,-0.4638352,0.6167188,-0.40542236,0.47290713,-0.57158315,-0.44039568,-0.5162028,-0.34338,0.42930803,0.24555539,-0.008970359,-0.4013934,0.6563809,-0.6773146,0.24524489,-0.6871943,-0.1652463,-0.07411095,-0.2311142,0.17245263,0.4325422,0.21314391,0.30743384,-0.20478612,-0.24125053,0.46426627
0.566357,0.013652392,0.8018421,-0.42059624,-0.8301399,0.8984438,-0.38262072,-0.08530355,0.32869938,-0.49801698,0.20776658,7.799387e-09,0.15882356,-0.076056354,-0.9,-0.9,-0.9,-0.9,-0.9,-0.9,-0.9,-0.9,-0.9,-0.9,-0.9,-0.9,-0.9,-0.9,-0.9,-0.9,-0.57854474,0.3777107,0.10482867,-0.2021781,-0.15276591,-0.9,-0.53584063,-0.1844751,-0.4162329,-0.2672684,-0.31484923,-0.5371988,-0.47281832,-0.66805196,-0.30644158,0.5963752,0.070657864,0.79470706,-0.4433455,-0.8148944,0.79574335,-0.36656484,-0.04013383,0.36368293,-0.57079136,0.21508275,0.09261336,0.25662562,-0.021603113,-0.9812692,-0.975919,-0.9666521,-0.9575139,-0.7929009,-0.7861775,-0.80349636,-0.7826794,-0.9014316,-0.8917715,-0.8866881,-0.87648845,-0.92374265,-0.9280171,-0.91485703,-0.9125051,-0.46376008,0.43490338,0.08037836,-0.20472334,-0.39949238,-0.8524476,-0.43765363,-0.25664476,-0.062473807,-0.2736175,-0.35493422,-0.2598203,-0.46332794,-0.16509019,-0.2286177,-3.6355324,-2.6790614,-0.4552896,0.106268354,-0.3356174,-0.5079549,-0.4254221,0.54055005,0.43101457,0.36918104,-0.4477874,0.42338106,-0.5223139,-0.42044014,-0.455257,-0.3670699,0.57965827,0.57375586,-0.31477278,0.08849275,-0.4387283,-0.18757755,-0.39174673,-0.46755037,-0.61629456,0.49709374,0.45961764,0.6188469,-0.6839949,0.50537735,0.2568256,-0.6888053,0.789238,-0.33533993,-0.60521287,0.6325487,0.42977655,-0.6309146,-0.15515585,0.56307805,-0.31240934,-0.54720074,0.59496826,-0.5849948,0.5904966,0.56197834,0.18271928,-0.71283436,-0.44652858,-0.2996326,-0.43853426,0.5679349,-0.40809873,-0.03769126,0.56793946,-0.43708035,0.31331906,-0.5822771,-0.6494242,-0.4476032,0.44700474,-0.7536183,-0.7302376,0.60294586,-0.60673326,0.5666771,-0.16134521,0.6452465,-0.660658,0.53492934,-0.46080476,0.55471826,-0.013732077,-0.47699142,-0.22597311,0.47068295,-0.5101424,-0.5500402,-0.54047793,0.6315875,-0.373993,0.49668413,-0.5741164,-0.41983438,-0.55935085,-0.2763632,0.40619215,0.17475858,0.004325021,-0.4109402,0.6534163,-0.6774466,0.21418554,-0.67668706,-0.16695774,-0.07022054,-0.24243969,0.18618624,0.4486349,0.22737685,0.31560332,-0.20692012,-0.24612862,0.47839564
0.5654701,0.09997888,0.8018166,-0.4206088,-0.83011854,0.89839363,-0.38259363,-0.029952118,0.29307258,-0.4967422,0.22387251,0.0,0.1786765,-0.06338028,-0.9,-0.9,-0.9,-0.8912903,-0.9,-0.9,-0.9,-0.9,-0.9,-0.89709675,-0.9,-0.9,-0.9,-0.9,-0.9,-0.9,-0.3092005,0.27085096,-0.4460402,-0.30208626,-0.51971334,-0.9,-0.61355853,-0.42922172,0.14319435,-0.21639344,-0.63498795,-0.17563024,-0.7371988,-0.3710245,-0.21687376,0.60939085,0.11548311,0.7985841,-0.44064957,-0.82655066,0.78830224,-0.35641792,-0.023157736,0.37684914,-0.58402777,0.22543332,0.11051778,0.28658986,-0.014540236,-0.9811861,-0.97533065,-0.96751463,-0.9559456,-0.7374645,-0.70280415,-0.7287006,-0.67574805,-0.88675135,-0.8801402,-0.8785997,-0.87340564,-0.9336883,-0.93514585,-0.92580336,-0.9220989,-0.47620955,0.17843267,-0.11546758,-0.28097045,-0.39109892,-0.88139266,-0.47514787,-0.3519175,0.059619788,-0.28659353,-0.38110742,-0.39031932,-0.50537556,-0.24075633,-0.18463401,-3.5268257,-2.6904528,-0.46279317,0.07836016,-0.32964364,-0.48631537,-0.3952261,0.6032199,0.45039818,0.42844036,-0.4515653,0.3367617,-0.4896338,-0.52073103,-0.4379052,-0.37873077,0.5921824,0.5588726,-0.30626497,0.16261034,-0.5435043,-0.12885013,-0.37957463,-0.4680742,-0.6246449,0.4926474,0.37933877,0.63500273,-0.66827005,0.5028948,0.36373508,-0.68674,0.7783965,-0.35221303,-0.59062403,0.62680113,0.43749133,-0.6252168,-0.11109408,0.56408894,-0.35573217,-0.56049097,0.56253684,-0.54555583,0.6024365,0.5644466,0.26861855,-0.7012392,-0.45954812,-0.37152722,-0.4524345,0.6014436,-0.39414626,0.072053105,0.57829,-0.47528815,0.4121572,-0.5893661,-0.6440235,-0.53035706,0.423387,-0.74922496,-0.7187674,0.63338524,-0.6064978,0.58518416,-0.082193844,0.6495538,-0.6571402,0.56481314,-0.4663786,0.5235622,0.055202086,-0.5299533,-0.34746307,0.49966618,-0.51911074,-0.55562955,-0.60461086,0.6470967,-0.33860168,0.51996523,-0.57513434,-0.39361045,-0.59369034,-0.18698302,0.38249987,0.08686787,0.016219767,-0.4201424,0.6490181,-0.6747413,0.16640693,-0.6590736,-0.16821738,-0.06774946,-0.25304937,0.20134494,0.46171987,0.24125695,0.32368484,-0.21031399,-0.25095186,0.48944917
0.56400245,0.18152702,0.8018421,-0.42063382,-0.8301719,0.8972223,-0.3826749,0.023482367,0.23030162,-0.5179887,0.24738719,0.055263165,0.3209559,-0.03169011,-0.9,-0.9,-0.9,-0.8085484,-0.783871,-0.7083871,-0.738871,-0.61112905,-0.9,-0.9,-0.9,-0.89854836,-0.9,-0.9,-0.9,-0.9,-0.7048952,-0.08464086,-0.1732309,-0.31467447,-0.30479786,-0.9,-0.41304055,-0.34945226,0.37992996,-0.39946768,-0.48188463,-0.27407092,-0.5750514,0.0035429834,-0.11381015,0.6100614,0.13918738,0.80164737,-0.4562945,-0.82640904,0.79033357,-0.35185397,-0.009860218,0.38595015,-0.5862154,0.24330929,0.12171905,0.3010913,-0.010906242,-0.9807849,-0.97281086,-0.96548,-0.94983953,-0.6942693,-0.6410207,-0.6724098,-0.6023312,-0.87560624,-0.87353927,-0.87460893,-0.87177354,-0.93413335,-0.9354145,-0.928066,-0.9253786,-0.51351964,0.06336746,-0.19914189,-0.2546253,-0.38666123,-0.87980556,-0.47849464,-0.3886796,0.16547154,-0.36844322,-0.38831282,-0.43144345,-0.49695724,-0.24646823,-0.15501954,-3.4002056,-2.6953764,-0.46893126,0.05229751,-0.3152182,-0.46787813,-0.3561893,0.6461657,0.46943563,0.47994,-0.45369136,0.24110843,-0.4525338,-0.60114044,-0.41801113,-0.38353994,0.6022431,0.5412737,-0.28739095,0.24328244,-0.6185873,-0.059850425,-0.36951542,-0.47133017,-0.62971705,0.48892793,0.28943402,0.65196687,-0.6537796,0.4952565,0.45563152,-0.68663496,0.7666323,-0.36279744,-0.5705745,0.61941,0.44530174,-0.6176929,-0.062416583,0.5626064,-0.3981307,-0.5663111,0.53053457,-0.50224245,0.6081464,0.56497216,0.3556421,-0.6911606,-0.47362575,-0.43459824,-0.46480656,0.6271919,-0.38556096,0.18131082,0.5795186,-0.5056654,0.49564028,-0.5878276,-0.64158267,-0.59341455,0.4019165,-0.7473193,-0.70859754,0.6541503,-0.60801446,0.6028928,0.004202967,0.65588707,-0.65209115,0.58151305,-0.46944603,0.49678966,0.12994589,-0.5721795,-0.45885113,0.51808935,-0.5247168,-0.5598426,-0.64868355,0.6589102,-0.30312788,0.5371295,-0.5763837,-0.3703709,-0.6189968,-0.07856196,0.36331418,-0.010676477,0.030143429,-0.42932913,0.6436452,-0.6722631,0.10758956,-0.638953,-0.1689353,-0.06694629,-0.26288098,0.21771833,0.47199044,0.25456178,0.3315743,-0.2148918,-0.2556197,0.49770495
0.5583706,0.24255852,0.8019952,-0.42059624,-0.83025724,0.8711021,-0.38275614,-0.01749208,0.31343073,-0.6327195,0.22902642,0.17368421,0.5459559,-0.03802815,-0.9,-0.9,-0.9,-0.83032256,-0.36870968,-0.27145162,-0.35274193,-0.16403228,-0.9,-0.89709675,-0.9,-0.9,-0.9,-0.9,-0.9,-0.9,-0.77116376,-0.28896302,-0.039237447,-0.37358332,-0.30736056,-0.9,-0.41819915,-0.31261286,0.25095755,-0.45606825,-0.41534692,-0.56140715,-0.46568775,0.010429824,-0.02115335,0.5826448,0.1725237,0.83112,-0.46082178,-0.8339975,0.8019588,-0.3571553,0.04301931,0.40211952,-0.58510655,0.2878557,0.16560377,0.31288227,0.02957987,-0.9780384,-0.9686204,-0.96050894,-0.9390412,-0.61518705,-0.5357419,-0.58305186,-0.46111524,-0.86577296,-0.86851984,-0.8728108,-0.87384796,-0.9325471,-0.9299139,-0.92784625,-0.924792,-0.5785754,-0.07712519,-0.15925297,-0.25900286,-0.3450276,-0.8726522,-0.4638421,-0.35676292,0.23071079,-0.40101516,-0.3727191,-0.5037747,-0.4839777,-0.18926384,-0.08901516,-3.2566185,-2.6965065,-0.4736414,0.027996127,-0.29549307,-0.45088023,-0.31184787,0.67381227,0.48529217,0.5241597,-0.45691767,0.13520665,-0.4105491,-0.65876174,-0.39665583,-0.3832292,0.6098209,0.5224272,-0.26145655,0.32218263,-0.66709965,0.019794978,-0.3610954,-0.47428596,-0.63058084,0.48553059,0.1926843,0.66548425,-0.6384426,0.48776305,0.52562743,-0.6843525,0.7558724,-0.36933905,-0.54943186,0.61106277,0.45351252,-0.6096222,-0.008068692,0.5587981,-0.43831414,-0.56762636,0.49665928,-0.45220643,0.6107469,0.56560916,0.43335888,-0.6810857,-0.4868367,-0.482633,-0.47435105,0.64506334,-0.38057077,0.28761905,0.57659554,-0.52698225,0.5585918,-0.58366865,-0.64186335,-0.6370507,0.38308015,-0.746698,-0.698815,0.6697402,-0.61012465,0.6188207,0.0969347,0.6604135,-0.6487131,0.5895721,-0.47105995,0.46951607,0.20962945,-0.6037725,-0.5501341,0.5272145,-0.5278869,-0.56154424,-0.67869705,0.6659489,-0.2655711,0.5482996,-0.57798946,-0.35160708,-0.6356367,0.043431032,0.34787706,-0.112879224,0.045756064,-0.43866763,0.6385195,-0.6705335,0.041005615,-0.6193632,-0.16908002,-0.067847684,-0.27201918,0.234952,0.47975257,0.26711625,0.33905017,-0.22042999,-0.26002255,0.50362086
0.54072374,0.26339117,0.802008,-0.42060876,-0.8302892,0.7592254,-0.38275614,0.03354622,0.41267675,-0.6514164,0.24448812,0.18157896,0.4036765,-0.012676046,-0.9,-0.9,-0.9,-0.8491936,-0.33241934,-0.2351613,-0.3048387,-0.12629037,-0.9,-0.9,-0.9,-0.89854836,-0.9,-0.9,-0.9,-0.9,-0.7336345,-0.28839257,-0.0057859,-0.3516712,-0.32283214,-0.9,-0.43633357,-0.21811895,0.2505122,-0.4320501,-0.42940837,-0.49660873,-0.42368189,-0.008706236,-0.024182905,0.56727785,0.21285449,0.85798216,-0.45264977,-0.8490141,0.80763775,-0.35784715,0.09211762,0.41269225,-0.5864422,0.32049885,0.2115282,0.31906822,0.08054585,-0.9737129,-0.9612974,-0.9520038,-0.92019284,-0.49702317,-0.39162475,-0.46385962,-0.29581296,-0.8654334,-0.86943454,-0.8751906,-0.8788493,-0.9300786,-0.92297107,-0.92635053,-0.92289495,-0.6132149,-0.22247736,-0.13098578,-0.25475013,-0.3256339,-0.8711205,-0.4425803,-0.28962842,0.24649356,-0.42453083,-0.36786503,-0.5805384,-0.4933483,-0.12596953,-0.04109631,-3.094149,-2.6932425,-0.4767474,0.0054414296,-0.2679853,-0.43020976,-0.25949505,0.69370776,0.49733987,0.5612309,-0.45885912,0.015666127,-0.36228085,-0.6974742,-0.37483397,-0.37755552,0.6178601,0.50451106,-0.22545746,0.39528453,-0.6977637,0.10831125,-0.35723695,-0.47803158,-0.6292283,0.48261982,0.08484797,0.6758343,-0.62108874,0.47664797,0.5740205,-0.68079185,0.74353284,-0.37009707,-0.5244518,0.6004066,0.45863587,-0.60000306,0.050627798,0.55432373,-0.47631598,-0.56643367,0.4577449,-0.39236602,0.6108732,0.5667746,0.4978904,-0.6687601,-0.50163877,-0.51654017,-0.48352593,0.6572007,-0.37889105,0.38453957,0.5714775,-0.5402826,0.60227656,-0.5791987,-0.64382374,-0.6660565,0.36496416,-0.7455727,-0.6887604,0.6849101,-0.6129595,0.63462096,0.19290747,0.66460246,-0.64488024,0.5917027,-0.46951598,0.43884775,0.29109234,-0.627003,-0.61870205,0.52781373,-0.5286785,-0.5611477,-0.6999138,0.67177576,-0.22302902,0.5548387,-0.58025885,-0.33750072,-0.64519024,0.17493334,0.33555397,-0.21623138,0.060714725,-0.4460139,0.6323991,-0.6686475,-0.03820192,-0.5987162,-0.16861708,-0.07029656,-0.28057534,0.2526681,0.48533446,0.27881327,0.34576017,-0.22672892,-0.26401812,0.5075388
0.53379506,0.2663871,0.80188036,-0.42053366,-0.8301399,0.62842375,-0.38281032,0.05583059,0.26974553,-0.5179887,0.26027194,0.13421053,0.17536767,0.0,-0.9,-0.9,-0.9,-0.86951613,-0.41951615,-0.29758063,-0.3832258,-0.17274195,-0.9,-0.9,-0.9,-0.9,-0.9,-0.9,-0.9,-0.9,-0.6958651,-0.26372284,-0.019991254,-0.32781336,-0.337327,-0.9,-0.4553896,-0.17600012,0.278275,-0.40007958,-0.445288,-0.42963308,-0.4286072,-0.07729761,-0.015959412,0.5560133,0.23922025,0.87453157,-0.4393414,-0.8560177,0.8058057,-0.36134502,0.13561012,0.4206251,-0.583138,0.35738996,0.26650017,0.31832647,0.13634977,-0.96684843,-0.94767946,-0.93586075,-0.8853656,-0.40575466,-0.29704902,-0.3839686,-0.2023382,-0.8667835,-0.86890835,-0.87684816,-0.88008404,-0.9257119,-0.9153082,-0.9232984,-0.91869813,-0.63983154,-0.29016587,-0.10764956,-0.27431455,-0.32050747,-0.8696411,-0.4329751,-0.22036268,0.23597987,-0.41843814,-0.35661057,-0.6112862,-0.503684,-0.13763487,-0.010149697,-2.9163043,-2.6871705,-0.47812867,-0.015283057,-0.234392,-0.40797502,-0.2001472,0.70771676,0.5052654,0.5902685,-0.46134463,-0.11468769,-0.30817425,-0.72285175,-0.35273433,-0.3680476,0.6261937,0.4877751,-0.18005298,0.45890945,-0.7167752,0.20186555,-0.3581158,-0.48202807,-0.62769526,0.47985098,-0.034996927,0.6847889,-0.60233706,0.4627778,0.6049777,-0.6776333,0.72992474,-0.36621127,-0.49490777,0.58814573,0.46133724,-0.5899011,0.11350126,0.54954445,-0.51077825,-0.56246567,0.41175878,-0.32076627,0.60866725,0.56915337,0.5475885,-0.65535843,-0.51767397,-0.5367889,-0.4922813,0.6650358,-0.38068554,0.46652168,0.5632411,-0.54795027,0.6301462,-0.57406414,-0.6473029,-0.6848143,0.3476741,-0.7445109,-0.67889553,0.699239,-0.61501247,0.65021235,0.28539246,0.66873354,-0.63959724,0.58945066,-0.46515784,0.4029596,0.37016368,-0.6430358,-0.66520876,0.5224414,-0.52862114,-0.5595964,-0.7157606,0.6770104,-0.17324786,0.5577125,-0.58056885,-0.32919702,-0.6503039,0.30378088,0.32483476,-0.31240168,0.07476401,-0.452944,0.62371486,-0.66603225,-0.12733725,-0.57604444,-0.16749905,-0.07407668,-0.28860885,0.27049956,0.4889918,0.2895579,0.3514747,-0.23360059,-0.26747128,0.5096597
0.5335904,0.27036908,0.8018676,-0.41552877,-0.8269824,0.57342243,-0.38302726,0.124840096,0.3159755,-0.51926345,0.34788826,0.19736843,0.18860297,0.057042263,-0.9,-0.9,-0.9,-0.88403225,-0.51387095,-0.36145163,-0.4587097,-0.22790323,-0.9,-0.9,-0.9,-0.9,-0.9,-0.9,-0.9,-0.9,-0.72724277,-0.33770046,0.039045025,-0.30190367,-0.35117304,-0.9,-0.44482934,-0.114831105,0.21113631,-0.42915216,-0.40855607,-0.50973594,-0.40148962,-0.13517669,0.026865434,0.5376292,0.25042954,0.8805231,-0.4053087,-0.85268575,0.7912806,-0.3712209,0.16288877,0.41495684,-0.5712468,0.38169822,0.31375718,0.3052058,0.18758683,-0.95628345,-0.92305535,-0.90781474,-0.82821614,-0.39184383,-0.30626014,-0.38917214,-0.23617262,-0.87428236,-0.8709167,-0.8798642,-0.8794092,-0.9191826,-0.9069068,-0.9187076,-0.9131714,-0.6597024,-0.31506214,-0.093397036,-0.29970014,-0.32912576,-0.87529397,-0.42716137,-0.15433322,0.20264088,-0.40151778,-0.33832356,-0.610612,-0.50556034,-0.1920297,-0.004340055,-2.729658,-2.6777267,-0.47768837,-0.03413783,-0.19768697,-0.3853312,-0.13359062,0.71733874,0.5076863,0.6114191,-0.46575582,-0.24810244,-0.25103486,-0.7398756,-0.3321312,-0.35279408,0.6343829,0.473185,-0.1268946,0.5100605,-0.72825193,0.2938666,-0.36245868,-0.48484612,-0.6267122,0.47641504,-0.16070512,0.6901333,-0.58183485,0.44762895,0.62218153,-0.67393667,0.7157007,-0.35874003,-0.46372783,0.5763818,0.46166328,-0.58028126,0.17745991,0.5440217,-0.5421747,-0.55656767,0.35655132,-0.2369947,0.60610783,0.571997,0.58246124,-0.6400082,-0.5343777,-0.5444756,-0.4996109,0.6694545,-0.3842741,0.52965736,0.5522496,-0.55057544,0.64572364,-0.57050145,-0.65232736,-0.696891,0.33236545,-0.7446407,-0.6692093,0.7120315,-0.61605436,0.6641045,0.368283,0.672115,-0.634402,0.5860056,-0.45962504,0.35972923,0.44009367,-0.65384895,-0.69543964,0.5137037,-0.52766705,-0.5579144,-0.7271291,0.6798999,-0.116137445,0.559936,-0.5796801,-0.32552785,-0.6519501,0.4174755,0.31438267,-0.39570025,0.08994134,-0.4601865,0.61428624,-0.6628351,-0.22072808,-0.55252117,-0.16566178,-0.07896299,-0.29617253,0.288124,0.4909788,0.2993208,0.3560351,-0.24085343,-0.27024075,0.5101678
0.5330104,0.27924317,0.8018676,-0.3919684,-0.8244116,0.5677165,-0.38378614,0.26741207,0.34651273,-0.50609064,0.47125977,0.37105262,0.2349265,0.23450705,-0.9,-0.9,-0.9,-0.855,-0.45290324,-0.33096772,-0.42241937,-0.22064516,-0.9,-0.9,-0.9,-0.9,-0.9,-0.9,-0.9,-0.9,-0.7536268,-0.36339378,0.07320843,-0.26720306,-0.39735708,-0.9,-0.41505,-0.055205602,0.13696314,-0.4929203,-0.42257726,-0.510541,-0.47119123,-0.2879927,0.018865049,0.5246169,0.2468884,0.8843861,-0.36834142,-0.84735507,0.77415174,-0.37888464,0.19010946,0.4068159,-0.5568143,0.41118672,0.37166157,0.28966215,0.25242028,-0.9379509,-0.87786126,-0.85748684,-0.7280486,-0.40258616,-0.35359493,-0.4276853,-0.33320245,-0.8924294,-0.8813812,-0.88936317,-0.88230383,-0.91066587,-0.8973562,-0.9129883,-0.9065792,-0.66937476,-0.33282948,-0.096326,-0.31031308,-0.36557162,-0.891484,-0.4202577,-0.06925468,0.14808159,-0.3885432,-0.31890467,-0.58602595,-0.50089854,-0.27640837,-0.013415962,-2.5394378,-2.66404,-0.4754154,-0.05118574,-0.16028428,-0.3643,-0.059957426,0.72308207,0.50336176,0.62600607,-0.47368446,-0.37316582,-0.19313744,-0.7523304,-0.31349167,-0.3288418,0.6418749,0.46093,-0.06935491,0.54824114,-0.73498136,0.3765665,-0.36822185,-0.48455563,-0.62624514,0.4719144,-0.28304952,0.6912239,-0.5586229,0.43316588,0.62946993,-0.66975206,0.70137626,-0.34957105,-0.43231133,0.56714034,0.45909035,-0.5718537,0.23956051,0.5371029,-0.57156754,-0.5491496,0.28869623,-0.14083704,0.60383296,0.57401687,0.6039258,-0.6211526,-0.5514238,-0.54172903,-0.5046699,0.67079204,-0.38803712,0.5751191,0.53870445,-0.5489923,0.6526624,-0.56934327,-0.65872914,-0.7045329,0.3224194,-0.74666697,-0.65956855,0.723332,-0.6164367,0.6755779,0.437317,0.6745814,-0.63033104,0.58268327,-0.4548217,0.30632046,0.49656045,-0.6608714,-0.7145948,0.5035298,-0.52502936,-0.5568634,-0.7353418,0.67939734,-0.05099747,0.5635914,-0.57765955,-0.32498306,-0.650576,0.5076528,0.30261058,-0.46291855,0.10911843,-0.4677499,0.6054556,-0.6592631,-0.31092426,-0.5287554,-0.16306008,-0.08473108,-0.30332002,0.30528137,0.49158818,0.30815843,0.35940093,-0.24829468,-0.27219814,0.50926965
0.5324982,0.28273213,0.80188036,-0.3384288,-0.82446486,0.56552446,-0.3851414,0.4059105,0.4270971,-0.5179887,0.56660694,0.5289474,0.2647059,0.48169014,-0.9,-0.9,-0.88258064,-0.7127419,-0.38903227,-0.3062903,-0.4064516,-0.28451613,-0.9,-0.9,-0.9,-0.89564514,-0.9,-0.9,-0.9,-0.9,-0.7499343,-0.41750515,-0.0649277,-0.22361507,-0.4213136,-0.9,-0.4031053,0.060276747,0.11152035,-0.44119093,-0.40406874,-0.45658845,-0.5301836,-0.558952,0.01745839,0.52302456,0.24171866,0.8827283,-0.32848564,-0.8410801,0.7437344,-0.3859524,0.22269824,0.40102327,-0.53883326,0.45189026,0.44684207,0.2755191,0.3347886,-0.8979884,-0.76676404,-0.7342857,-0.49037045,-0.38766825,-0.3872232,-0.45596677,-0.44821575,-0.90964377,-0.8915681,-0.89802694,-0.8844684,-0.8992065,-0.88743,-0.90600955,-0.89784706,-0.6676111,-0.3441944,-0.13948141,-0.31170526,-0.4175938,-0.91468036,-0.41504505,0.020051682,0.08355303,-0.3656875,-0.29837126,-0.52407163,-0.5002232,-0.42505273,-0.03126405,-2.3472886,-2.6479683,-0.47139534,-0.066550195,-0.12364548,-0.34647664,0.021911262,0.7258972,0.49201533,0.6359332,-0.48662293,-0.47952086,-0.13602817,-0.76212674,-0.29729638,-0.29600886,0.6488542,0.45042992,-0.008727884,0.57651794,-0.7390645,0.4454372,-0.37513062,-0.48088473,-0.62648773,0.46635944,-0.3935054,0.68965364,-0.5326494,0.42010948,0.6300101,-0.66567147,0.6864248,-0.33924538,-0.39979246,0.55999076,0.4529932,-0.5653239,0.29799458,0.5288016,-0.5994377,-0.5399503,0.2048306,-0.029501652,0.6014271,0.5751629,0.615587,-0.5981426,-0.5692032,-0.5292307,-0.50775373,0.6699993,-0.39112136,0.6072543,0.52237386,-0.54456174,0.6532448,-0.5697906,-0.6663566,-0.7087897,0.3183825,-0.75109607,-0.65041155,0.7337411,-0.61710083,0.6859937,0.49105543,0.67680913,-0.62685007,0.57968926,-0.45114812,0.23980892,0.5400208,-0.66504174,-0.7268128,0.49371257,-0.5213257,-0.5569906,-0.7420312,0.67651886,0.02317439,0.5685879,-0.57340175,-0.3281835,-0.6466786,0.572518,0.2892697,-0.51378715,0.13380513,-0.47605067,0.59652966,-0.65424526,-0.3917034,-0.5045391,-0.15969476,-0.091181934,-0.3100831,0.32177067,0.4911205,0.31617793,0.36162844,-0.25576293,-0.27325663,0.50717074
0.53242946,0.2827195,0.8019059,-0.25748768,-0.82453954,0.5640687,-0.38627964,0.4066294,0.48096138,-0.54560906,0.5659627,0.6552632,0.33088237,0.6147887,-0.8753226,-0.5864516,-0.54580647,-0.11322582,-0.33532256,-0.39483872,-0.48483872,-0.5762903,-0.9,-0.89709675,-0.89564514,-0.89419353,-0.9,-0.9,-0.9,-0.9,-0.671023,-0.5438228,-0.34779727,-0.1975683,-0.4742405,-0.9,-0.391559,0.17037381,0.07699871,-0.27575073,-0.27365774,-0.5144049,-0.4864759,-0.74650043,0.023709977,0.5447586,0.25013134,0.8708183,-0.29425547,-0.8326022,0.69131243,-0.39036804,0.22642055,0.39267078,-0.52951264,0.47570878,0.496129,0.27153066,0.3728708,-0.8335675,-0.56270283,-0.51174957,-0.10212724,-0.33735332,-0.38120955,-0.45794258,-0.5259317,-0.9094096,-0.8870226,-0.8936204,-0.8767783,-0.89022624,-0.8855144,-0.90308326,-0.8916603,-0.6496769,-0.326454,-0.2656772,-0.3392048,-0.4747524,-0.93479687,-0.42387536,0.075762495,0.01954244,-0.3516158,-0.28540355,-0.4729876,-0.4951503,-0.584277,-0.07086953,-2.149532,-2.6328223,-0.4657588,-0.08037267,-0.08892116,-0.3327805,0.1125673,0.7265453,0.47370058,0.642772,-0.5071276,-0.5618448,-0.081007674,-0.7709051,-0.28276512,-0.25607106,0.65616333,0.44075686,0.055144228,0.5985134,-0.7412427,0.5001248,-0.38374707,-0.4739196,-0.6278423,0.460263,-0.48475212,0.68596405,-0.5030735,0.409048,0.626066,-0.660879,0.6685109,-0.32684967,-0.36517647,0.5531211,0.4441602,-0.56105626,0.3521574,0.51905036,-0.6270989,-0.5294691,0.10042695,0.10163295,0.5993392,0.57545894,0.6220151,-0.5701416,-0.58764124,-0.50427705,-0.50904995,0.6675719,-0.39248902,0.63071483,0.5010447,-0.53739834,0.6484155,-0.5705147,-0.6762102,-0.710892,0.3175449,-0.7579776,-0.64180183,0.74435556,-0.6175099,0.6973273,0.53136945,0.678705,-0.623304,0.57751197,-0.44837227,0.15599608,0.5747482,-0.6674946,-0.73599696,0.48469216,-0.51793313,-0.55893946,-0.7486249,0.67193913,0.10607016,0.5744117,-0.5657586,-0.33745527,-0.6399494,0.6161831,0.27471814,-0.55076647,0.16353942,-0.4855181,0.5861035,-0.64636046,-0.45788127,-0.48030627,-0.15560128,-0.09816447,-0.31648377,0.337438,0.48984408,0.32349774,0.3628233,-0.26314142,-0.2733558,0.5040535
0.53311276,0.28303552,0.80193144,-0.17540789,-0.82439023,0.56358343,-0.38608992,0.21038325,0.46399626,-0.58725214,0.41746593,0.59210527,0.38051474,0.44366196,-0.783871,-0.2366129,-0.22209679,0.29612908,-0.27580646,-0.46741936,-0.54435486,-0.7403226,-0.9,-0.9,-0.89709675,-0.89419353,-0.9,-0.9,-0.9,-0.9,-0.4932216,-0.453239,-0.7102711,-0.28428477,-0.44804633,-0.9,-0.5020949,0.2555378,-0.21252316,-0.17774415,-0.2641772,-0.67511195,-0.41088572,-0.8566129,-0.22576898,0.5698473,0.27393577,0.8511342,-0.23549587,-0.8155023,0.6203313,-0.40091276,0.15748468,0.3694411,-0.53103757,0.4407941,0.47953224,0.26710716,0.32395518,-0.7669335,-0.31852052,-0.26289362,0.25627577,-0.2953164,-0.37606373,-0.46970335,-0.5864394,-0.89134896,-0.86583155,-0.8728741,-0.8552674,-0.882549,-0.88916534,-0.9027881,-0.8886218,-0.62546784,-0.27035984,-0.42708266,-0.35183424,-0.51967406,-0.9438668,-0.4399871,0.11167064,-0.060008254,-0.37661353,-0.2871301,-0.51858383,-0.4433141,-0.65698355,-0.12979478,-1.9483961,-2.615996,-0.45860744,-0.09280332,-0.057299703,-0.3245477,0.21054086,0.7245538,0.45035473,0.6465691,-0.533339,-0.61862797,-0.030044701,-0.77932495,-0.26649752,-0.20926604,0.66440064,0.42901412,0.12158167,0.6161442,-0.7399766,0.54284835,-0.3937735,-0.46437854,-0.632574,0.453739,-0.5541811,0.68090975,-0.46892127,0.39980775,0.6202027,-0.65466577,0.6474812,-0.31434035,-0.32881337,0.54429954,0.4351273,-0.5583579,0.40150174,0.5045275,-0.6522044,-0.5156703,-0.021818029,0.24692512,0.5985761,0.5741027,0.62610346,-0.537367,-0.60468346,-0.46820745,-0.5073213,0.66351944,-0.3920566,0.64658767,0.47251347,-0.526778,0.63907015,-0.5692297,-0.68597203,-0.7117564,0.31574422,-0.7657218,-0.6326601,0.7548303,-0.61673295,0.7093001,0.55862594,0.68084407,-0.61927915,0.5781524,-0.44609708,0.05639787,0.6043201,-0.66892964,-0.7435203,0.47488937,-0.5160925,-0.5621563,-0.754979,0.66669625,0.19188981,0.58080024,-0.5555979,-0.3518462,-0.6316604,0.64412874,0.25954702,-0.5783673,0.19626243,-0.4956136,0.57408184,-0.63577,-0.50702536,-0.4536569,-0.15083775,-0.10558616,-0.32255694,0.35217705,0.48797846,0.3302545,0.36307302,-0.27037176,-0.27243474,0.5000527
0.53379506,0.28436285,0.8018676,-0.10311256,-0.8236542,0.5638846,-0.38478893,0.07595849,0.3431197,-0.54305947,0.27798846,0.40263158,0.30110297,0.22816905,-0.783871,-0.23661293,-0.23080647,0.28306457,-0.30193546,-0.46741936,-0.55596775,-0.7316129,-0.9,-0.9,-0.89564514,-0.89419353,-0.9,-0.9,-0.9,-0.9,-0.5905689,-0.13028659,-0.6643955,-0.20854068,-0.35617375,-0.9,-0.59426636,0.16141051,-0.33511508,-0.3610867,-0.56684244,-0.68247914,-0.3857677,-0.631775,-0.4461123,0.57176256,0.29578525,0.83927655,-0.111012325,-0.7905346,0.56568927,-0.4186324,0.0018413987,0.31421208,-0.53122926,0.31107986,0.3764611,0.23430428,0.19053614,-0.7398046,-0.21914127,-0.18541907,0.3384946,-0.3671912,-0.46920723,-0.5602622,-0.6855028,-0.8870655,-0.85854757,-0.8628522,-0.845651,-0.87252104,-0.88589036,-0.897028,-0.88287354,-0.6193376,-0.18458788,-0.5273962,-0.285624,-0.53023356,-0.93797696,-0.45725375,0.1519473,-0.17830145,-0.46518672,-0.33470476,-0.63441473,-0.33857805,-0.61044025,-0.22745457,-1.7484653,-2.591139,-0.45009798,-0.103965566,-0.028588247,-0.32255772,0.30989787,0.7191485,0.4231402,0.6477478,-0.5604367,-0.6526054,0.01579542,-0.78764755,-0.24293213,-0.15273298,0.67331785,0.4121819,0.18588981,0.6293159,-0.7341732,0.5770122,-0.40407905,-0.45164,-0.6416078,0.4464353,-0.6035623,0.67444205,-0.42825428,0.39144585,0.61406016,-0.64751256,0.6256212,-0.3066782,-0.29002783,0.53336006,0.42782447,-0.55567443,0.4464403,0.48163405,-0.67219937,-0.4949393,-0.15435843,0.38885212,0.5991275,0.57053846,0.6280398,-0.5000659,-0.61813825,-0.42546216,-0.50167966,0.6560616,-0.39201453,0.6561276,0.43635476,-0.5121887,0.62648165,-0.5651228,-0.6923684,-0.71136075,0.31349656,-0.77283615,-0.62022346,0.764718,-0.6145884,0.7197852,0.57295007,0.6843014,-0.61569744,0.5819594,-0.44523934,-0.054627124,0.63087213,-0.66978455,-0.7484068,0.46115476,-0.5159927,-0.56437254,-0.7608572,0.66177285,0.27620238,0.58723044,-0.5433352,-0.36712986,-0.62387013,0.66057265,0.2437448,-0.5990781,0.23100616,-0.5049591,0.5614563,-0.6245315,-0.5406199,-0.42139816,-0.14548968,-0.11341404,-0.3283009,0.36589947,0.48568946,0.33658144,0.3625314,-0.27743524,-0.2704627,0.49525413
0.5347169,0.28627166,0.8017145,-0.02738902,-0.80538106,0.56617707,-0.38283753,-0.07547933,0.20739868,-0.4805949,0.1294917,0.18157895,0.2084559,0.0063380534,-0.80419356,-0.32080647,-0.32661292,0.15241934,-0.4398387,-0.54145163,-0.6285484,-0.7446774,-0.89854836,-0.9,-0.89854836,-0.89709675,-0.9,-0.9,-0.9,-0.9,-0.7154357,0.042990338,-0.4493912,-0.16487582,-0.21490915,-0.9,-0.5484264,0.057121716,-0.23156305,-0.571198,-0.54013807,-0.62165344,-0.15713286,-0.2026189,-0.5345621,0.5525441,0.3115881,0.8380992,0.012661935,-0.76625085,0.5528628,-0.42219263,-0.1476845,0.23731905,-0.519738,0.14996864,0.21796687,0.17923492,0.044479635,-0.7587704,-0.34468243,-0.32946432,0.10560083,-0.5311542,-0.62464714,-0.6839508,-0.7809163,-0.90106696,-0.871506,-0.8750051,-0.85870016,-0.864308,-0.8744405,-0.88655233,-0.8745674,-0.6540372,-0.121132724,-0.5358884,-0.18972012,-0.47420758,-0.91940063,-0.46033072,0.15641473,-0.2480074,-0.5843771,-0.39985377,-0.7020961,-0.26835215,-0.48282483,-0.34532455,-1.5595579,-2.553147,-0.44047567,-0.11393598,-0.003398832,-0.3277958,0.40065885,0.710214,0.39015594,0.64640015,-0.5821846,-0.66908675,0.05691703,-0.79436386,-0.2119769,-0.08120301,0.68107647,0.39163387,0.23744377,0.63706076,-0.72597903,0.6027703,-0.41297066,-0.43230018,-0.65312046,0.43812272,-0.6376659,0.6666913,-0.3793369,0.3843604,0.60680497,-0.6439558,0.60835475,-0.3089583,-0.24717967,0.5249382,0.4208575,-0.5521293,0.4864501,0.45201173,-0.68460405,-0.46479255,-0.28704432,0.5020805,0.59846777,0.5658036,0.625501,-0.45975772,-0.62791383,-0.384117,-0.49302006,0.64444894,-0.3956576,0.66234,0.3973935,-0.49564222,0.6128475,-0.5620507,-0.69338024,-0.70851314,0.32024425,-0.77921796,-0.6015389,0.77213734,-0.6118443,0.72450745,0.5761631,0.6901917,-0.61558974,0.5860088,-0.4483561,-0.17120123,0.6518118,-0.6694288,-0.7463447,0.4434208,-0.5159376,-0.56375754,-0.7651567,0.6571517,0.3579398,0.5949,-0.5279085,-0.37628493,-0.6197427,0.66835123,0.22366695,-0.61052126,0.2720777,-0.5122868,0.5490895,-0.61635166,-0.561885,-0.38289705,-0.13966133,-0.12164058,-0.3336733,0.3785148,0.4830787,0.34258583,0.361422,-0.28434804,-0.26748538,0.48971885
0.5355018,0.28699222,0.8016124,0.06558891,-0.7341769,0.56801766,-0.38159084,-0.185703,0.08185676,-0.42195466,0.057014965,-0.15,0.11580885,-0.120422535,-0.881129,-0.69387096,-0.70548385,-0.49064517,-0.88258064,-0.881129,-0.8869355,-0.8869355,-0.9,-0.9,-0.89854836,-0.89854836,-0.9,-0.9,-0.9,-0.9,-0.5269628,0.06452612,-0.33154893,-0.1782815,-0.23338152,-0.9,-0.42580298,0.22379795,-0.045166843,-0.7076104,-0.34469947,-0.52101433,-0.011358458,0.100070536,-0.5210282,0.52485555,0.30905434,0.83819515,0.09441016,-0.7325991,0.5734523,-0.39912614,-0.26012665,0.13775826,-0.50218624,0.000993013,0.03121583,0.121277116,-0.08215429,-0.79783297,-0.57327026,-0.5795764,-0.3571273,-0.7242351,-0.78058934,-0.802135,-0.8564671,-0.91872925,-0.8904536,-0.8937344,-0.8740984,-0.86322665,-0.86220086,-0.8770596,-0.8697128,-0.6955162,-0.10313577,-0.5021318,-0.12400369,-0.38838848,-0.8946737,-0.4574382,0.13151255,-0.24695906,-0.6908219,-0.44567606,-0.7450028,-0.20885128,-0.27468315,-0.44931322,-1.3903557,-2.4994402,-0.43008873,-0.12274905,0.01868672,-0.3363778,0.47670692,0.7005225,0.35268044,0.6419732,-0.59234124,-0.67483914,0.09717946,-0.7982186,-0.18032257,0.009118744,0.6852926,0.37051788,0.27273348,0.64095825,-0.71940744,0.61891145,-0.42017746,-0.4061439,-0.66286135,0.4295944,-0.66233623,0.6594094,-0.32151648,0.37771925,0.5988201,-0.6478059,0.5972219,-0.32224485,-0.19865146,0.5222617,0.41258937,-0.5476896,0.51758295,0.42211333,-0.6874252,-0.4253171,-0.40597308,0.5741294,0.59399694,0.5612098,0.61921525,-0.41772747,-0.6361294,-0.35415033,-0.48383006,0.6323189,-0.40328172,0.6671966,0.36240208,-0.4802963,0.60181034,-0.5625588,-0.6890325,-0.7035998,0.34043655,-0.7836231,-0.575771,0.77551776,-0.60962963,0.72172886,0.5739078,0.697172,-0.61930496,0.5872448,-0.45497596,-0.28071043,0.6639648,-0.6669213,-0.73632973,0.42441103,-0.51306117,-0.56010526,-0.76565635,0.6523487,0.43010604,0.60715944,-0.5095682,-0.37238875,-0.62089914,0.67152,0.19785435,-0.6125756,0.32152134,-0.5152308,0.5379964,-0.61178625,-0.57625055,-0.3384429,-0.13345215,-0.13014969,-0.33860162,0.38993794,0.480221,0.34831434,0.3599831,-0.2911687,-0.26369667,0.48354355
0.52335083,0.2844766,0.80154854,0.16867656,-0.65934575,0.56815153,-0.38104865,-0.55662954,-0.032233737,-0.40155807,-0.22258417,-0.3157895,0.10588238,-0.24084507,-0.9,-0.9,-0.9,-0.9,-0.9,-0.9,-0.9,-0.9,-0.9,-0.9,-0.9,-0.9,-0.9,-0.9,-0.9,-0.9,-0.7822276,0.09183905,-0.32823393,-0.090883866,-0.41552097,-0.9,-0.35777274,0.2045798,-0.17949353,-0.6705771,-0.2700014,-0.5774502,-0.061491627,-0.02805848,-0.43877608,0.48232314,0.26959866,0.8307097,0.11797258,-0.68684053,0.6038341,-0.37412792,-0.31694803,0.038765427,-0.47788486,-0.08749792,-0.13414614,0.07242788,-0.15164505,-0.8515208,-0.7851914,-0.7885996,-0.7398589,-0.87611777,-0.901228,-0.9025458,-0.91960406,-0.9328279,-0.9055698,-0.9102361,-0.88311833,-0.8698665,-0.85965663,-0.8752939,-0.87342614,-0.71827745,-0.09929359,-0.45084825,-0.082721494,-0.3212127,-0.88626194,-0.44234335,0.196988,-0.24413286,-0.7180961,-0.46365854,-0.75828904,-0.15909073,-0.10893172,-0.5134888,-1.2426317,-2.4263387,-0.41932565,-0.13037702,0.039575897,-0.34501836,0.5378979,0.6915602,0.31282458,0.63427347,-0.5896806,-0.6747548,0.13768373,-0.8000024,-0.15157929,0.12144507,0.68550956,0.3486186,0.29383188,0.64227176,-0.71625733,0.6255895,-0.42560738,-0.37527353,-0.6691006,0.42159504,-0.6815781,0.654168,-0.2542333,0.36850405,0.59140843,-0.6592273,0.58950084,-0.34608647,-0.14317033,0.52606654,0.4019997,-0.5422549,0.53684646,0.39308515,-0.68236256,-0.37429178,-0.49920234,0.6085197,0.58498025,0.5560642,0.60952914,-0.37241307,-0.6437305,-0.34329957,-0.47501764,0.62144196,-0.41232333,0.66978323,0.33495912,-0.46908772,0.5953344,-0.566089,-0.6792258,-0.69772655,0.37515256,-0.7850065,-0.54310745,0.7753695,-0.61016756,0.71208125,0.570583,0.7044407,-0.62492764,0.58429676,-0.46444076,-0.3703392,0.6655526,-0.6619562,-0.71989983,0.40676725,-0.50405174,-0.5537422,-0.7627441,0.6471474,0.4883783,0.62386376,-0.49034098,-0.35147074,-0.62638897,0.67423826,0.16703796,-0.6096843,0.37827018,-0.51207393,0.5304618,-0.60959554,-0.588919,-0.28508064,-0.12694407,-0.13875096,-0.34298462,0.4000724,0.4771816,0.3537309,0.3584485,-0.29794708,-0.25935113,0.4768397
0.45218483,0.26861197,0.8015868,0.22690825,-0.6318455,0.56806785,-0.38096747,-0.46174133,-0.0033930182,-0.42492917,-0.16621338,-0.20526315,0.10919121,-0.23450702,-0.9,-0.9,-0.9,-0.9,-0.9,-0.9,-0.9,-0.9,-0.89854836,-0.8927419,-0.89419353,-0.89419353,-0.9,-0.9,-0.9,-0.9,-0.83174485,-0.20949641,-0.5010559,-0.007873195,-0.37190586,-0.9,-0.4115833,0.22948691,-0.39979607,-0.27288526,-0.38348588,-0.67215943,-0.19014357,-0.29092017,-0.4355078,0.40264636,0.21472746,0.8106254,0.12922506,-0.6286076,0.61571705,-0.36853445,-0.297967,-0.0024250476,-0.44173744,-0.092599,-0.204325,0.05727995,-0.14748806,-0.8884557,-0.8723191,-0.86646116,-0.8657675,-0.935867,-0.9492472,-0.94563496,-0.9508726,-0.9279811,-0.8922657,-0.9039634,-0.8707864,-0.8817196,-0.87379444,-0.8862244,-0.8836597,-0.7134465,-0.24949889,-0.39915523,-0.093264446,-0.2963246,-0.9124144,-0.4343945,0.2537675,-0.21897937,-0.56123096,-0.47742438,-0.73836446,-0.21894361,-0.10402004,-0.45496178,-1.1201538,-2.3295908,-0.40858066,-0.1367519,0.060303558,-0.35195315,0.5863338,0.68250567,0.27027518,0.62170476,-0.5737607,-0.6714638,0.17223005,-0.80087143,-0.12970532,0.25386998,0.68248284,0.3267604,0.3059586,0.64427763,-0.7162752,0.6227644,-0.42947415,-0.34098652,-0.67346376,0.41004136,-0.69652677,0.64919686,-0.17908996,0.35302672,0.58238935,-0.6750632,0.58411866,-0.38047692,-0.08412567,0.5351689,0.38792944,-0.53643185,0.54245126,0.36225733,-0.67167497,-0.3107212,-0.5628289,0.6134179,0.5743754,0.5481842,0.5930423,-0.32036066,-0.6510416,-0.35472584,-0.46595928,0.61186427,-0.4211452,0.6667316,0.3162714,-0.4610894,0.5945603,-0.568659,-0.65947956,-0.6927177,0.41886383,-0.7818235,-0.50558776,0.7722069,-0.6149614,0.69636244,0.56707805,0.7109011,-0.62999445,0.5809487,-0.4738451,-0.42980957,0.6560391,-0.65696466,-0.69950867,0.39131874,-0.48706388,-0.5453907,-0.75595754,0.6410729,0.5333343,0.6392779,-0.47371256,-0.3135461,-0.63430136,0.6772259,0.1330121,-0.60399616,0.43582025,-0.5043158,0.5347523,-0.609283,-0.6027754,-0.21898758,-0.120239936,-0.14732626,-0.34667945,0.40884206,0.47399732,0.35873875,0.3570707,-0.30469137,-0.2546751,0.46970594
0.29319683,0.25071207,0.8016634,0.23834434,-0.6302027,0.56801766,-0.38104874,-0.30575088,0.10772856,-0.4907932,-0.08858274,-0.094736844,0.12573533,-0.20281689,-0.9,-0.9,-0.9,-0.9,-0.9,-0.9,-0.9,-0.9,-0.89709675,-0.8898387,-0.89709675,-0.89709675,-0.9,-0.9,-0.9,-0.9,-0.60838205,-0.590797,-0.57074434,0.085661605,-0.21087828,-0.9,-0.40441126,0.2421802,-0.009594208,-0.07810437,-0.45061916,-0.48365256,-0.42062762,-0.5324623,-0.25186834,0.29164174,0.20304464,0.79042906,0.15521634,-0.6029379,0.6196895,-0.38103905,-0.2686682,0.016246632,-0.449519,-0.07291999,-0.21453881,0.088144116,-0.1750627,-0.9084817,-0.90185183,-0.8918557,-0.9012076,-0.9482702,-0.9577205,-0.9523004,-0.9544283,-0.8841185,-0.82326007,-0.8564538,-0.82186484,-0.8924059,-0.8935765,-0.8990027,-0.8947873,-0.6781983,-0.40094885,-0.4108176,-0.13517201,-0.28496033,-0.9433091,-0.4414707,0.20251873,-0.14170627,-0.34681386,-0.4884013,-0.69572175,-0.33438516,-0.17742774,-0.36128628,-1.0166355,-2.2086651,-0.39824915,-0.14180776,0.08589205,-0.35233983,0.62174845,0.6755586,0.22307636,0.6057045,-0.5457082,-0.66956604,0.19719504,-0.80187213,-0.113609165,0.3886071,0.6780309,0.30686533,0.31838432,0.6490318,-0.71765655,0.6122236,-0.43150407,-0.30636162,-0.67600465,0.39407608,-0.70625275,0.6430233,-0.097904235,0.326437,0.57136935,-0.6880737,0.575254,-0.4220692,-0.024131536,0.54487467,0.3733589,-0.5283187,0.5365911,0.32921302,-0.6581762,-0.23854664,-0.60346425,0.6007873,0.5673656,0.5377718,0.5706058,-0.260339,-0.65607655,-0.37975374,-0.45861754,0.6021477,-0.43321675,0.65866935,0.30396912,-0.45650694,0.6009803,-0.56507087,-0.62730074,-0.6914348,0.45620736,-0.77306825,-0.46337748,0.7674502,-0.6203848,0.6781722,0.56562704,0.7136005,-0.6315006,0.580131,-0.4796214,-0.4574155,0.6386516,-0.6562689,-0.6819626,0.37462857,-0.4643769,-0.5332191,-0.7453274,0.63608205,0.56703997,0.64679295,-0.46148068,-0.2678743,-0.6394095,0.681122,0.09909338,-0.59818304,0.4845728,-0.4945166,0.5533895,-0.61084044,-0.6193651,-0.1403036,-0.113477,-0.15588371,-0.34953606,0.4162311,0.47067645,0.36320975,0.35615203,-0.31133148,-0.24983786,0.462209
0.097516485,0.24536487,0.80159956,0.22129028,-0.62986135,0.56805116,-0.3811571,-0.24560705,0.056409042,-0.45382437,-0.09212604,-0.110526316,0.12904416,-0.17112675,-0.9,-0.9,-0.9,-0.9,-0.9,-0.9,-0.9,-0.9,-0.89854836,-0.89709675,-0.89854836,-0.9,-0.9,-0.9,-0.9,-0.9,-0.71807,-0.5216335,-0.2343786,0.01396122,-0.15621594,-0.9,-0.34343943,0.15319748,0.18475978,-0.44387168,-0.55741155,-0.33570093,-0.5295861,-0.19438516,-0.2694531,0.14224723,0.21865949,0.7583353,0.17945251,-0.57906014,0.58290845,-0.38672772,-0.25122112,0.07716412,-0.50861406,-0.06377288,-0.19837488,0.15749037,-0.27044368,-0.9239966,-0.91253686,-0.9041285,-0.91199785,-0.94055635,-0.9460364,-0.9376278,-0.93324846,-0.73731804,-0.6354721,-0.7286933,-0.71782446,-0.8984462,-0.9077038,-0.90870684,-0.90310276,-0.63301575,-0.49166393,-0.44694972,-0.16333334,-0.26899457,-0.9622271,-0.41611475,0.089556314,0.012094325,-0.29574162,-0.47165093,-0.62884724,-0.4467721,-0.166993,-0.29547155,-0.9191082,-2.06915,-0.3885421,-0.14557321,0.1182067,-0.34739703,0.6462718,0.67085457,0.17471695,0.5900663,-0.509921,-0.67167383,0.21810877,-0.8033499,-0.0952679,0.50123346,0.6755503,0.28244057,0.33730674,0.65545595,-0.7173142,0.60040885,-0.43295908,-0.27754143,-0.6763343,0.37722433,-0.71181417,0.6373113,-0.007888921,0.28682914,0.56007886,-0.6962589,0.5575226,-0.46453655,0.041725997,0.5508509,0.36058128,-0.5172038,0.5258177,0.29238182,-0.64391625,-0.15882792,-0.6294785,0.5830877,0.5647191,0.52681714,0.54903805,-0.19336502,-0.65702045,-0.40762737,-0.454905,0.59260124,-0.4511001,0.6476304,0.29207632,-0.45626035,0.6109738,-0.5536652,-0.58517236,-0.6926868,0.4751332,-0.76002157,-0.412888,0.7619837,-0.6236668,0.6619166,0.56674814,0.71341455,-0.6282746,0.5811241,-0.482599,-0.45938835,0.6195689,-0.6601639,-0.66993207,0.35658053,-0.44043887,-0.51819843,-0.7328035,0.632493,0.5910586,0.6446316,-0.45255816,-0.2224551,-0.6404476,0.68721247,0.06869983,-0.5944437,0.5200832,-0.48484772,0.57710993,-0.6124658,-0.63650537,-0.048313808,-0.106781825,-0.16455966,-0.3515393,0.42233333,0.46717903,0.36706984,0.3558814,-0.31775567,-0.24490388,0.45439243
-0.073008135,0.24561769,0.8013188,0.16785082,-0.629488,0.5680009,-0.38075057,-0.10255595,0.035626773,-0.4661473,-0.036721613,-0.14210527,0.14227945,-0.27887323,-0.9,-0.9,-0.9,-0.9,-0.9,-0.9,-0.9,-0.9,-0.57048386,-0.46451613,-0.6314516,-0.6329032,-0.9,-0.9,-0.9,-0.9,-0.57987255,-0.573949,-0.12244938,-0.11772232,-0.13180117,-0.9,-0.37976807,-0.094907604,0.20543608,-0.6064888,-0.5209062,-0.60856366,-0.5246655,0.10238153,-0.2285425,0.0028699185,0.2306101,0.7483178,0.18558232,-0.5706493,0.56669974,-0.39606312,-0.23464169,0.14367804,-0.56812453,-0.057621866,-0.1733532,0.2070543,-0.36050653,-0.93528396,-0.9229903,-0.91580635,-0.9233901,-0.92735994,-0.9245183,-0.91422766,-0.8921828,-0.49946794,-0.38839072,-0.5588228,-0.61058164,-0.9002649,-0.9134104,-0.9128383,-0.9059736,-0.6072318,-0.454006,-0.39060965,-0.17438594,-0.21124469,-0.9661366,-0.35855812,0.015524534,0.09553261,-0.37552232,-0.43501794,-0.53451115,-0.520364,-0.10577248,-0.30086395,-0.8145398,-1.9112997,-0.3794827,-0.14812446,0.15347147,-0.33913115,0.66539305,0.6657611,0.12926981,0.5793464,-0.47098807,-0.67861825,0.24152067,-0.8063552,-0.067915276,0.57973003,0.67517984,0.24243769,0.3637554,0.663677,-0.71506727,0.59279966,-0.43640277,-0.2572629,-0.6744732,0.36238635,-0.7162301,0.63325334,0.09552806,0.2341521,0.5508155,-0.70073235,0.52757525,-0.502248,0.11965748,0.55125505,0.347318,-0.50274354,0.5172543,0.2503717,-0.6287195,-0.070266336,-0.6486504,0.570792,0.56393987,0.51304674,0.5340609,-0.11376677,-0.6541635,-0.43210173,-0.45529553,0.5842938,-0.47649756,0.63440406,0.27437258,-0.45851973,0.62241626,-0.53154033,-0.533254,-0.69318575,0.4723603,-0.74259275,-0.3481778,0.75641406,-0.62446624,0.6489762,0.5686264,0.7118137,-0.6201818,0.58309746,-0.4850301,-0.4412359,0.6043546,-0.66602033,-0.66344965,0.33982322,-0.4200108,-0.50229585,-0.7202644,0.6284946,0.60963935,0.634307,-0.44694674,-0.18077652,-0.63997,0.695863,0.044431277,-0.5910818,0.5417142,-0.47660697,0.59773767,-0.6099568,-0.6526226,0.058556054,-0.10027186,-0.17353554,-0.35273695,0.4272924,0.46343526,0.3703209,0.3563066,-0.3238918,-0.23982356,0.44626972
-0.15755367,0.25562948,0.8011912,0.092777796,-0.62742925,0.5678169,-0.37809443,-0.12292342,0.13444865,-0.5838527,-0.06474595,-0.18947369,0.19852944,-0.5007042,-0.9,-0.9,-0.9,-0.9,-0.9,-0.9,-0.9,-0.9,0.08709677,0.25693554,-0.07112903,-0.17564517,-0.9,-0.9,-0.9,-0.9,-0.41250893,-0.52540964,-0.3912644,-0.17519824,-0.26401183,-0.9,-0.34757024,-0.2819734,0.1620198,-0.6485084,-0.29895204,-0.8762135,-0.46026084,0.19894427,-0.25885367,-0.07426902,0.25673604,0.743974,0.14581442,-0.5538879,0.5592797,-0.39785823,-0.20397218,0.18330546,-0.6138182,-0.057970233,-0.15915826,0.22905715,-0.42054692,-0.9420547,-0.93036157,-0.92518526,-0.932118,-0.9144982,-0.89667445,-0.8873375,-0.8304943,-0.17648491,-0.12054335,-0.3550028,-0.49590623,-0.9030642,-0.91824865,-0.91446763,-0.90970296,-0.57333094,-0.3910374,-0.35415462,-0.15263137,-0.17477228,-0.9578537,-0.28229317,-0.07220924,0.12888838,-0.46257684,-0.38027108,-0.49462625,-0.5772209,-0.036998,-0.3312858,-0.7021039,-1.7400538,-0.37101024,-0.14951311,0.18704674,-0.32883325,0.6804688,0.65974027,0.08421564,0.57212996,-0.42942497,-0.68727493,0.26775557,-0.8086457,-0.03352064,0.62838715,0.67799616,0.18681356,0.39087826,0.6709089,-0.710988,0.58848774,-0.44190228,-0.24443267,-0.67290163,0.35074425,-0.72030854,0.6290365,0.2122393,0.1728524,0.5396838,-0.7032608,0.488937,-0.5321234,0.20661473,0.5478584,0.33264354,-0.48577157,0.5116723,0.2034226,-0.6126627,0.028240092,-0.662992,0.56268615,0.56164634,0.49647295,0.5253656,-0.020402797,-0.6478604,-0.45062464,-0.45769864,0.5749408,-0.50374407,0.6197195,0.25106925,-0.45994934,0.63099575,-0.5044599,-0.4734151,-0.6904191,0.45455208,-0.7235649,-0.26665467,0.7520735,-0.6225864,0.6370932,0.5704522,0.7090666,-0.6112279,0.5845224,-0.48782977,-0.41320914,0.59296453,-0.67071927,-0.65744543,0.32376182,-0.40016457,-0.48587117,-0.70854187,0.623158,0.6247633,0.61980724,-0.44351313,-0.14228939,-0.63919795,0.7047641,0.024118092,-0.58492607,0.5537921,-0.46967933,0.61223525,-0.6048254,-0.6635805,0.17440891,-0.094067745,-0.18306959,-0.35313264,0.43127117,0.45935002,0.37301338,0.35743785,-0.32972655,-0.23448767,0.43774563
-0.16458522,0.28414795,0.8012933,0.02267214,-0.6079294,0.5675157,-0.3734326,-0.3455272,0.17686146,-0.69390935,-0.20518975,-0.3,0.29448533,-0.8112676,-0.9,-0.9,-0.9,-0.9,-0.9,-0.9,-0.9,-0.9,0.17709677,0.2641936,-0.040645167,-0.24241938,-0.9,-0.9,-0.9,-0.9,-0.32232454,-0.31067732,-0.6333307,-0.15024383,-0.4108636,-0.9,-0.2468342,-0.32481164,0.11238209,-0.5892933,-0.14561144,-0.79185796,-0.5046116,0.20593497,-0.35678917,-0.052482367,0.28466195,0.7370536,0.037092965,-0.5242345,0.55004185,-0.3725499,-0.16356893,0.19600275,-0.63871527,-0.0644394,-0.15110742,0.22978961,-0.44412035,-0.9437981,-0.9325496,-0.93080676,-0.934346,-0.89748544,-0.85492885,-0.85177946,-0.7330928,0.13488653,0.083973736,-0.16640344,-0.3892073,-0.90476733,-0.92027646,-0.9114263,-0.91187453,-0.53044933,-0.30158576,-0.37217647,-0.04511136,-0.17004387,-0.9284021,-0.21308203,-0.15370288,0.15556993,-0.54957014,-0.30516833,-0.55810755,-0.5803962,0.05100648,-0.34233916,-0.5870926,-1.5537764,-0.363063,-0.14972426,0.21772797,-0.31545374,0.6902826,0.6507461,0.040640328,0.5663959,-0.3811245,-0.6954563,0.29786086,-0.80982834,0.0065084076,0.65542114,0.68235826,0.115937285,0.41557503,0.67513597,-0.7064371,0.5878993,-0.4480726,-0.23675135,-0.67189765,0.33919358,-0.72450465,0.6251235,0.33408108,0.10533806,0.52243423,-0.70499325,0.44384527,-0.55559427,0.29746795,0.54088706,0.31832287,-0.46581817,0.5082266,0.1511696,-0.59326065,0.1346982,-0.6719211,0.55689204,0.55539334,0.4804798,0.52018523,0.08230277,-0.63728434,-0.46066463,-0.4621159,0.5626496,-0.5314074,0.6022288,0.22200534,-0.4606139,0.63494396,-0.4723483,-0.40268204,-0.68447053,0.4267928,-0.70190203,-0.16549659,0.7485158,-0.6201021,0.6237858,0.57223433,0.70539415,-0.60102504,0.58570683,-0.49208367,-0.37457117,0.5827984,-0.67339593,-0.648567,0.3098278,-0.37741068,-0.46892536,-0.6972901,0.61649865,0.63764846,0.60161656,-0.44147006,-0.10787752,-0.6400348,0.71118224,0.007895441,-0.5738602,0.56082815,-0.46260658,0.62108546,-0.59892863,-0.6701867,0.29422194,-0.08824461,-0.19327208,-0.35272434,0.43434072,0.45485318,0.3751811,0.35923836,-0.33527422,-0.22883613,0.42872563
-0.14956668,0.3151188,0.8012933,-0.016841237,-0.5629027,0.5670639,-0.37199616,-0.16078284,0.16328935,-0.6849858,-0.11113106,-0.26842105,0.30110297,-0.7669014,-0.9,-0.9,-0.9,-0.9,-0.9,-0.87096775,-0.87096775,-0.5298387,0.32225806,0.16548386,-0.06967742,-0.42241937,-0.9,-0.9,-0.9,-0.9,-0.2558866,-0.11800878,-0.70146185,-0.03383698,-0.38002256,-0.9,-0.22414598,-0.42334116,0.09654107,-0.6102538,-0.12109171,-0.69717556,-0.64334184,0.043446206,-0.391224,-0.004714901,0.29859325,0.7357222,-0.051586434,-0.51544946,0.5521759,-0.33949327,-0.14539552,0.21524458,-0.64631027,-0.073000595,-0.14932196,0.22609068,-0.4656466,-0.94809043,-0.9437293,-0.9424315,-0.94631165,-0.88147485,-0.8075735,-0.8144363,-0.6114828,0.28438193,0.15839152,-0.08187827,-0.36017534,-0.9073329,-0.9197846,-0.911362,-0.91248256,-0.5233979,-0.24092895,-0.37976548,0.016897619,-0.14077014,-0.8741206,-0.20071778,-0.23000441,0.15752777,-0.62294,-0.2695043,-0.6589236,-0.58118004,0.08908389,-0.34314218,-0.47862643,-1.3556203,-0.35555896,-0.14872314,0.24514621,-0.29718515,0.69525516,0.63751024,0.0019270866,0.5605494,-0.32444942,-0.70107853,0.3327113,-0.8093479,0.05063692,0.66795456,0.6855375,0.030856712,0.438383,0.6756592,-0.70217097,0.59140927,-0.4534135,-0.23311326,-0.67112166,0.3251335,-0.72861725,0.62324035,0.443728,0.033719312,0.49685058,-0.70616287,0.39519882,-0.5737915,0.38331312,0.52869534,0.30785805,-0.4423449,0.5064533,0.09369835,-0.5688233,0.24306415,-0.67357564,0.5532932,0.54357404,0.46901515,0.5165144,0.18397242,-0.62208605,-0.46025702,-0.4685412,0.5470239,-0.55858064,0.5805713,0.18637478,-0.4607456,0.63389397,-0.4334091,-0.3190528,-0.6755913,0.39107236,-0.6769112,-0.04634585,0.7454368,-0.6190007,0.6086496,0.5724589,0.7011201,-0.5888334,0.58765155,-0.496963,-0.32252848,0.57229686,-0.673135,-0.636178,0.2996483,-0.35083315,-0.4512595,-0.6865938,0.6095724,0.6478491,0.5802825,-0.4402876,-0.07879037,-0.6432341,0.712368,-0.0017292505,-0.55706817,0.5652886,-0.45392296,0.62413496,-0.5930879,-0.67430407,0.4100429,-0.08281478,-0.20415628,-0.35153863,0.43655995,0.4499139,0.3768145,0.36165056,-0.34053025,-0.22283168,0.41910344
-0.09113257,0.33478844,0.8012933,-0.024698902,-0.53206354,0.566495,-0.3734326,-0.02515979,0.30494818,-0.68116146,0.012884683,-0.08684211,0.28455886,-0.46267605,-0.9,-0.9,-0.9,-0.9,-0.9,-0.66774195,-0.6880645,-0.19451614,0.3629032,0.12483869,-0.084193535,-0.43983874,-0.9,-0.9,-0.9,-0.9,-0.21651429,-0.00906077,-0.67784107,-0.060994238,-0.23622108,-0.9,-0.23884481,-0.53416234,0.0695897,-0.65527564,-0.14101204,-0.60617065,-0.7804445,-0.19251642,-0.47215602,0.019068649,0.34757218,0.74776316,-0.09264295,-0.55214864,0.54413176,-0.33362272,-0.11442831,0.2272999,-0.6467442,-0.05429348,-0.1335422,0.22592041,-0.462743,-0.94661415,-0.9531753,-0.9483443,-0.95452166,-0.8541245,-0.7346015,-0.76178145,-0.4490098,0.3341568,0.15232329,-0.074495144,-0.39658192,-0.91257757,-0.9192708,-0.9170152,-0.9125847,-0.53618604,-0.23883963,-0.4228508,-0.02358817,-0.063585505,-0.8062564,-0.23464257,-0.33858696,0.12779662,-0.68279594,-0.26634458,-0.7526665,-0.6105012,-0.028712299,-0.3729553,-0.3884855,-1.1500922,-0.3483992,-0.14655045,0.26983243,-0.27607045,0.6969792,0.6230018,-0.033870865,0.5521757,-0.2588138,-0.7020946,0.37175283,-0.80611587,0.09501326,0.6732892,0.68632567,-0.064322054,0.45860958,0.6745612,-0.6973217,0.59437776,-0.45696133,-0.23221369,-0.6706029,0.30962914,-0.73215985,0.62402254,0.52849203,-0.03804306,0.4639088,-0.707341,0.34929013,-0.58765835,0.45485324,0.51452893,0.30491993,-0.41374996,0.5057446,0.03306379,-0.5368533,0.34730265,-0.66918176,0.54737025,0.5292141,0.4621405,0.5131647,0.27580377,-0.6044935,-0.45493653,-0.47540253,0.5309669,-0.58345723,0.5559042,0.14567997,-0.46051168,0.63100106,-0.3897547,-0.22278361,-0.6656416,0.35011405,-0.65076494,0.08422994,0.74097484,-0.615819,0.59157735,0.56849545,0.6970501,-0.5772596,0.5887329,-0.49900493,-0.25704196,0.55879706,-0.66983104,-0.6198839,0.29184613,-0.32258043,-0.43403506,-0.67450017,0.6044454,0.65327233,0.5592139,-0.44123593,-0.051789448,-0.64914626,0.70879406,-0.007276455,-0.5357204,0.56912124,-0.44317946,0.62183815,-0.5882346,-0.67623055,0.508262,-0.07770863,-0.21566558,-0.3496878,0.4380108,0.4445647,0.37788108,0.36460364,-0.34543565,-0.21646737,0.40884402
-0.022970116,0.35411677,0.80116564,-0.025036689,-0.522303,0.5664615,-0.3741373,0.045287464,0.28501415,-0.6594901,0.064101584,0.0,0.28786767,-0.31056336,-0.9,-0.9,-0.9,-0.9,-0.9,-0.59370965,-0.6343548,-0.15677421,0.3483871,0.09870968,-0.113225766,-0.45000002,-0.9,-0.9,-0.9,-0.9,-0.25345996,-0.088862225,-0.29593322,-0.13160607,0.17672324,-0.7936811,-0.3319843,-0.4607048,0.035817254,-0.69438505,-0.11985354,-0.6385119,-0.74216366,-0.44987607,-0.4413909,0.027781667,0.41017973,0.7612496,-0.092666544,-0.5954872,0.54340905,-0.35227385,-0.07952562,0.22357523,-0.64008325,-0.019518217,-0.11773232,0.22693141,-0.43846658,-0.9398905,-0.95905846,-0.94886667,-0.957975,-0.8081192,-0.6294701,-0.68805057,-0.2728094,0.33578366,0.122082554,-0.10058577,-0.44407263,-0.9190397,-0.91940135,-0.9237681,-0.91297644,-0.5573435,-0.30602494,-0.5179492,-0.15416637,-9.028986e-05,-0.7241188,-0.308785,-0.46869582,0.09423049,-0.6935001,-0.28773475,-0.81645995,-0.65352714,-0.27315143,-0.40370917,-0.31969464,-0.94402456,-0.3415936,-0.14342195,0.29186657,-0.25447243,0.6971991,0.6080148,-0.06680512,0.53999454,-0.18641333,-0.69882107,0.41308248,-0.8007123,0.13863343,0.6748735,0.68626344,-0.16650534,0.4774154,0.67580235,-0.6916736,0.59437233,-0.46108422,-0.23395573,-0.67076737,0.29302904,-0.7365252,0.627901,0.5872754,-0.10640357,0.42440525,-0.7088164,0.3073363,-0.5975652,0.5106561,0.49981976,0.3119421,-0.37948057,0.5068085,-0.028700244,-0.49825957,0.43985483,-0.6633819,0.5392236,0.515003,0.45812732,0.5116506,0.35473505,-0.58798265,-0.44612944,-0.4808474,0.5190822,-0.6043372,0.5295866,0.095687464,-0.4596892,0.62702996,-0.3406841,-0.1178726,-0.6570285,0.30326605,-0.6235135,0.21689391,0.7359746,-0.60753614,0.574706,0.5603724,0.6942595,-0.5648086,0.58805364,-0.49656108,-0.1785134,0.5413445,-0.66410756,-0.59983385,0.28642118,-0.2934282,-0.42141643,-0.66120845,0.60168,0.6536622,0.54030764,-0.44465646,-0.02506518,-0.65724385,0.70267767,-0.01192929,-0.51054937,0.5731453,-0.43019882,0.6136852,-0.5823317,-0.6757584,0.5822877,-0.07281351,-0.2276297,-0.3473801,0.4388405,0.4389118,0.37837973,0.36807677,-0.34995794,-0.20987855,0.39808112
0.03338203,0.38458195,0.800987,-0.025274431,-0.5216843,0.56639457,-0.37416452,-0.12531956,0.35711592,-0.6990085,-0.005798204,-0.047368426,0.3044118,-0.32323942,-0.9,-0.9,-0.9,-0.9,-0.9,-0.5603226,-0.61258066,-0.14516132,0.3367742,0.08709679,-0.12483866,-0.45580646,-0.9,-0.9,-0.9,-0.9,-0.5060568,-0.41582802,-0.2552622,-0.24396579,0.28588325,-0.457208,-0.39944863,-0.10366899,0.037890494,-0.76693964,-0.29397225,-0.82037145,-0.48141208,-0.42001837,-0.44034958,0.0075919214,0.45376363,0.76178586,-0.051492296,-0.5947249,0.5133017,-0.38737077,-0.055877194,0.20679851,-0.61547625,0.0004942491,-0.11399679,0.21452609,-0.4187517,-0.9339955,-0.9642843,-0.9492958,-0.96403176,-0.7793005,-0.55761784,-0.63894415,-0.16614957,0.3398702,0.120240904,-0.11426252,-0.46923295,-0.92709047,-0.9213983,-0.9298712,-0.9138137,-0.5442005,-0.47033074,-0.62426794,-0.41164756,0.074337184,-0.60292417,-0.43928257,-0.61142737,0.11222985,-0.60487616,-0.30571634,-0.86182696,-0.69347984,-0.5337345,-0.3877376,-0.27386013,-0.7451871,-0.33521453,-0.13959906,0.30991104,-0.23324075,0.6959011,0.59291387,-0.0975253,0.5235973,-0.10901658,-0.69242305,0.4535537,-0.7935379,0.18114951,0.67361087,0.68630844,-0.2698424,0.4947744,0.6805918,-0.68568015,0.5907642,-0.46801305,-0.23760788,-0.6718195,0.27548504,-0.74157417,0.63494015,0.6244776,-0.16720703,0.37918004,-0.7102608,0.27040496,-0.6054245,0.5522053,0.48575765,0.3299693,-0.34030405,0.50972277,-0.08957138,-0.45437753,0.5144695,-0.65878505,0.5300159,0.5031275,0.45690978,0.5125241,0.41808933,-0.57348144,-0.43343708,-0.4831742,0.51285887,-0.6211085,0.5035503,0.034927208,-0.45872885,0.62182176,-0.28575882,-0.007687462,-0.65004635,0.25003183,-0.5953803,0.34016582,0.73122865,-0.59340763,0.5587818,0.5492153,0.69366074,-0.55034596,0.58610076,-0.489865,-0.08763025,0.51902616,-0.6570836,-0.57640284,0.28461117,-0.26363808,-0.4148175,-0.64729196,0.60190743,0.64987946,0.52534443,-0.45008627,0.0010721474,-0.6667789,0.69487876,-0.019797286,-0.48218125,0.57823724,-0.41630346,0.60002786,-0.5747612,-0.67246944,0.6327635,-0.068050295,-0.23986976,-0.34482247,0.43922836,0.43306825,0.3783677,0.37209138,-0.3541303,-0.20325898,0.38693383
0.070279054,0.43479264,0.7964307,-0.025462108,-0.5216523,0.5664113,-0.3739475,-0.10495218,0.31852025,-0.70708215,-0.015139642,-0.07894737,0.30110297,-0.36760563,-0.9,-0.9,-0.9,-0.9,-0.9,-0.5748387,-0.62419355,-0.15387098,0.33967742,0.09000001,-0.12483866,-0.45435485,-0.9,-0.9,-0.9,-0.9,-0.8980804,-0.9,-0.78083897,-0.77513534,0.1309698,-0.14806974,-0.6163707,-0.39423934,0.18556306,-0.33161142,-0.5262299,-0.9,-0.7032066,-0.87522143,-0.33699992,-0.0016145543,0.4713956,0.7665358,-0.022904037,-0.5772326,0.49971625,-0.40373954,-0.060975913,0.17259043,-0.5787609,-0.007327142,-0.13967726,0.18965197,-0.41472524,-0.93754685,-0.97113234,-0.95501935,-0.9727641,-0.7860419,-0.5738993,-0.6509244,-0.18893906,0.29526362,0.1001902,-0.1458321,-0.48412803,-0.92822385,-0.9186572,-0.92928445,-0.911671,-0.45389408,-0.62252975,-0.7082525,-0.597075,0.11859626,-0.43733516,-0.579483,-0.6730149,0.14931951,-0.42127064,-0.29797825,-0.9036089,-0.68317765,-0.679775,-0.30848324,-0.25413063,-0.54672396,-0.32935643,-0.13531344,0.32360074,-0.21024308,0.6922443,0.57889605,-0.13044216,0.5039447,-0.02272438,-0.6854462,0.49005866,-0.7851388,0.22194062,0.67118347,0.6855016,-0.36689034,0.50834423,0.6856964,-0.6798394,0.5825748,-0.47541854,-0.24114437,-0.6723125,0.2574083,-0.74591506,0.64162844,0.6477872,-0.22012132,0.32819715,-0.71098226,0.23921694,-0.6135025,0.5804816,0.47610563,0.35591924,-0.2932965,0.51135665,-0.15062737,-0.40462676,0.5691916,-0.65541226,0.516398,0.49529156,0.4561615,0.5119249,0.4682333,-0.55812085,-0.42196527,-0.48285425,0.5093319,-0.63519,0.47678182,-0.031047424,-0.45896393,0.6177437,-0.22754362,0.110548474,-0.6441219,0.1936504,-0.5646015,0.44681424,0.7253885,-0.57441306,0.540304,0.53596944,0.6940472,-0.5351049,0.58499426,-0.48162466,0.017188912,0.48711336,-0.6502916,-0.5499224,0.2876421,-0.23252203,-0.41218024,-0.6313211,0.6039015,0.64419115,0.51503414,-0.46031135,0.027436066,-0.6766103,0.687318,-0.03459035,-0.45374393,0.5863476,-0.40132487,0.5848391,-0.5690914,-0.6675148,0.6645291,-0.063407995,-0.25219098,-0.34218714,0.43934768,0.42714596,0.3779423,0.3766431,-0.358021,-0.19682913,0.37547028
0.09881332,0.504812,0.7739173,-0.025724862,-0.52439374,0.56677943,-0.37405595,-0.12795538,-0.13868992,-0.38371104,-0.05347179,-0.26052633,0.14558826,-0.36760563,-0.9,-0.9,-0.9,-0.9,-0.9,-0.71999997,-0.7446774,-0.2569355,0.3237097,0.1016129,-0.123387076,-0.45580646,-0.9,-0.9,-0.9,-0.9,-0.5551885,-0.9,-0.9,-0.9,-0.004559004,-0.21213548,-0.9,-0.9,0.2025791,0.346509,-0.48865327,-0.9,-0.8063155,-0.9,-0.05637569,0.07150647,0.5097577,0.7467857,-0.047945827,-0.58055425,0.47618675,-0.4165865,-0.08229839,0.0721892,-0.50412965,-0.02810539,-0.21458817,0.15402706,-0.4174777,-0.9417299,-0.97181726,-0.9521218,-0.97228575,-0.81404847,-0.6622682,-0.7066648,-0.3574172,0.23813537,0.115157425,-0.14681688,-0.4514689,-0.92529655,-0.91604805,-0.92506677,-0.91100335,-0.25622728,-0.7668349,-0.8419091,-0.7556643,0.022691347,-0.2403369,-0.740426,-0.76121366,0.22055003,-0.07428366,-0.24134168,-0.94346946,-0.6184412,-0.8358588,-0.13424204,-0.26205376,-0.34055188,-0.32421252,-0.13068378,0.33240086,-0.18413712,0.68566847,0.5666386,-0.16833629,0.48310685,0.074284084,-0.6790376,0.52152646,-0.77581376,0.26005277,0.6698901,0.68191916,-0.4511284,0.5177966,0.68875396,-0.6748166,0.5699165,-0.48002434,-0.24391863,-0.66961086,0.23959339,-0.74731725,0.64686203,0.6616238,-0.26681548,0.2721664,-0.71005803,0.21685596,-0.6247887,0.59609306,0.47420347,0.3870312,-0.23564678,0.50860125,-0.21544135,-0.34784093,0.6085552,-0.65119183,0.4942545,0.49161732,0.45528692,0.5040236,0.5064725,-0.53891414,-0.41813523,-0.48128226,0.5053489,-0.6480075,0.4492761,-0.092339054,-0.46158135,0.61772156,-0.16970325,0.23768349,-0.63900334,0.13890518,-0.52841663,0.5319657,0.71674013,-0.55319756,0.5161478,0.5209771,0.69322276,-0.520954,0.58473545,-0.47466543,0.13540785,0.44140077,-0.6446512,-0.51972544,0.29549548,-0.20111924,-0.4086848,-0.61297244,0.60675716,0.6403863,0.5064652,-0.4753031,0.054676168,-0.68550575,0.6797704,-0.055458747,-0.42778218,0.5975067,-0.38498643,0.5733866,-0.5682867,-0.66312104,0.6844733,-0.058959186,-0.26434013,-0.33951923,0.4393645,0.42123103,0.37717536,0.38173142,-0.36170137,-0.19089395,0.3637075
0.11345635,0.5680052,0.7443844,-0.026638225,-0.5586998,0.56333244,-0.375384,-0.051038377,-0.17346843,-0.29107648,-0.015139649,-0.22894737,0.0661765,-0.24718308,-0.9,-0.9,-0.9,-0.9,-0.9,-0.9,-0.9,-0.77225804,0.18290325,0.121935464,-0.16112906,-0.42822582,-0.9,-0.9,-0.9,-0.9,-0.039942384,-0.9,-0.9,-0.9,-0.16792077,-0.21174586,-0.9,-0.9,0.30359206,0.6683319,-0.1292638,-0.9,-0.6523797,-0.9,0.19651955,0.13676006,0.555618,0.7062083,-0.07072358,-0.59027034,0.39518225,-0.4245119,-0.086219706,-0.07616262,-0.386811,-0.045083985,-0.29773697,0.09159661,-0.39981985,-0.94562644,-0.9666432,-0.9440414,-0.96832335,-0.86135143,-0.7847914,-0.7903673,-0.59239984,0.08845488,0.06464321,-0.20352112,-0.4426075,-0.9241949,-0.9159167,-0.92070913,-0.9136632,0.03107377,-0.8784775,-0.92814344,-0.87803656,-0.10602366,-0.06385639,-0.8414759,-0.8276865,0.2936902,0.33743846,-0.08523794,-0.9689828,-0.51693016,-0.9255733,0.0676597,-0.2954389,-0.12075558,-0.32000077,-0.12575355,0.3324284,-0.1525329,0.674826,0.55249786,-0.20779908,0.46292636,0.17828083,-0.67393506,0.5525901,-0.7665525,0.29831305,0.6710186,0.6744916,-0.52227175,0.527681,0.689987,-0.6729205,0.5526385,-0.48013887,-0.24755448,-0.6608254,0.22150043,-0.7446796,0.65288645,0.669609,-0.3059328,0.21144897,-0.7049432,0.20695813,-0.6405963,0.6004275,0.48229408,0.42741868,-0.16418204,0.501171,-0.28751782,-0.28555188,0.63637054,-0.6468192,0.4635516,0.49513584,0.45554513,0.48737076,0.5336476,-0.51571417,-0.4189981,-0.47866926,0.5027578,-0.6598802,0.424048,-0.14462689,-0.46810147,0.62301797,-0.112714455,0.36364862,-0.6366793,0.083439425,-0.48191586,0.59430414,0.7045821,-0.52660453,0.4855478,0.50568146,0.6908478,-0.50615025,0.5881555,-0.47249925,0.2647776,0.3737438,-0.6408866,-0.48764342,0.31337297,-0.1710679,-0.40418473,-0.5915137,0.6086025,0.63729995,0.5002452,-0.49669692,0.08272443,-0.6942035,0.6726203,-0.08318217,-0.4064669,0.61379385,-0.36512628,0.5693486,-0.5708932,-0.6585142,0.69916534,-0.05481272,-0.27602953,-0.3368004,0.43940914,0.41539147,0.3760986,0.38729852,-0.3652011,-0.18580145,0.35169265
0.12509558,0.61806417,0.7197141,-0.0385498,-0.66604483,0.52658683,-0.37747097,-0.07140588,-0.16244109,-0.29660055,0.009663498,-0.3,0.0794118,-0.19014084,-0.9,-0.9,-0.9,-0.9,-0.9,-0.9,-0.9,-0.9,-0.3498387,-0.18,-0.4470968,-0.4616129,-0.9,-0.9,-0.9,-0.9,0.2850079,-0.9,-0.9,-0.9,-0.3637508,-0.09703937,-0.9,-0.9,0.32974768,0.56499165,0.18620753,-0.9,-0.4996938,-0.9,0.32424366,0.20706646,0.59565324,0.6531578,-0.09151491,-0.6022786,0.3593882,-0.42420036,-0.07127902,-0.18870226,-0.27883157,-0.022831306,-0.3032249,0.0560572,-0.3486091,-0.94732714,-0.9571537,-0.9388297,-0.9617638,-0.8892056,-0.8648911,-0.84594667,-0.75803703,-0.18876463,-0.13022497,-0.3703652,-0.5034356,-0.9176971,-0.914926,-0.91269,-0.9155682,0.26551265,-0.8912035,-0.95838124,-0.8961563,-0.20228957,-0.0020569237,-0.85864574,-0.83079827,0.30360088,0.36478826,0.15686363,-0.9778292,-0.35806972,-0.95219624,0.1191952,-0.3473657,0.123389125,-0.3168496,-0.120662495,0.3261151,-0.11202401,0.66220313,0.5376516,-0.2467969,0.4415864,0.2851385,-0.67152524,0.5848311,-0.7589321,0.33409783,0.6734253,0.6641199,-0.58229434,0.53579795,0.6892408,-0.6749772,0.53240526,-0.46968248,-0.2530607,-0.645491,0.20364104,-0.7384332,0.65794575,0.6757026,-0.33935845,0.14074606,-0.69764507,0.20596252,-0.6563978,0.59649366,0.50090533,0.47183973,-0.072476506,0.48856091,-0.36616194,-0.22140937,0.65636766,-0.644299,0.42127165,0.5013611,0.45434254,0.46626693,0.55921227,-0.4834853,-0.42698544,-0.4768292,0.50290716,-0.67009574,0.39995718,-0.18535782,-0.47743115,0.6327673,-0.058374953,0.4766728,-0.6358277,0.030682974,-0.4161486,0.6404521,0.68842936,-0.49169168,0.447262,0.48853472,0.68491095,-0.48978242,0.593857,-0.47621328,0.39236012,0.27755678,-0.6378338,-0.45462206,0.33927524,-0.14007513,-0.39961693,-0.56943405,0.6079861,0.6386011,0.49767128,-0.5266304,0.11027421,-0.70153016,0.66955,-0.11858233,-0.39359978,0.6333343,-0.34206724,0.57309645,-0.5786296,-0.6532594,0.7108732,-0.051140655,-0.2870389,-0.33407208,0.43964067,0.40976954,0.37482548,0.39319995,-0.36859486,-0.1818181,0.33945292
0.12690462,0.6604626,0.69811964,-0.06258568,-0.787588,0.451941,-0.3776607,0.034744292,-0.20697455,-0.25580737,0.0918038,-0.19736843,0.10257356,-0.1584507,-0.9,-0.9,-0.9,-0.9,-0.9,-0.9,-0.9,-0.9,-0.558871,-0.3135484,-0.5617742,-0.4833871,-0.9,-0.9,-0.9,-0.9,0.5793322,-0.9,-0.9,-0.89703953,-0.35940233,0.13391154,-0.9,-0.9,0.17826508,0.035322867,0.39628276,-0.9,-0.23502663,-0.9,0.11829196,0.2560568,0.6636593,0.6216895,-0.09555311,-0.66435057,0.37123704,-0.4359422,-0.012786491,-0.29518518,-0.15781842,0.04099737,-0.26546088,0.042111617,-0.23966792,-0.9452786,-0.9451171,-0.93420553,-0.9517478,-0.9083419,-0.91596967,-0.88658834,-0.87021804,-0.57760596,-0.47898304,-0.6340623,-0.6585676,-0.9147847,-0.91748744,-0.90751207,-0.91838723,0.4057343,-0.855241,-0.9727334,-0.8713612,-0.26849407,-0.04045453,-0.8438293,-0.81436753,0.26124516,0.14403436,0.38703647,-0.9805597,-0.18876857,-0.96838313,0.06437107,-0.41389242,0.38558954,-0.31492034,-0.11545164,0.3177715,-0.0635997,0.65128154,0.5251336,-0.2801823,0.4179237,0.38116315,-0.66852385,0.6124512,-0.7532568,0.3633742,0.67313635,0.6535938,-0.6343209,0.53780776,0.68853223,-0.6769047,0.5164366,-0.4432619,-0.26118326,-0.6237338,0.18886922,-0.7265076,0.6585915,0.67920554,-0.36513373,0.0527367,-0.688997,0.21214731,-0.66670483,0.58426595,0.5207395,0.5124594,0.03686079,0.47522098,-0.44543955,-0.15765241,0.67099285,-0.64206827,0.36729637,0.5022928,0.4522845,0.4461056,0.5876248,-0.43299937,-0.44133344,-0.4754054,0.50804204,-0.6787931,0.37329137,-0.2157733,-0.48555797,0.64094174,-0.007574339,0.56456614,-0.63344586,-0.015225783,-0.31837142,0.67325324,0.6705966,-0.4514687,0.4050479,0.46586144,0.6735565,-0.47295955,0.5999009,-0.4837291,0.50158805,0.15535934,-0.63263494,-0.42060775,0.3616328,-0.1077874,-0.39603418,-0.5525298,0.6054751,0.6462835,0.49790332,-0.5625965,0.1331887,-0.7040831,0.670562,-0.1542207,-0.39228722,0.6487872,-0.3196886,0.57984865,-0.59433144,-0.64679897,0.7178478,-0.04819557,-0.2971772,-0.3312958,0.4401366,0.40445694,0.37345457,0.39931116,-0.371978,-0.17915764,0.32700187
0.13837302,0.7086887,0.68415725,-0.08195452,-0.86029637,0.38300115,-0.37798607,0.16677305,-0.27356267,-0.20481586,0.15365061,-0.15,0.08602943,-0.08239438,-0.9,-0.9,-0.9,-0.9,-0.9,-0.9,-0.9,-0.9,-0.72145164,-0.5516129,-0.70548385,-0.6270968,-0.89564514,-0.8912903,-0.89419353,-0.89419353,0.6172629,-0.816632,-0.9,-0.9,-0.21856725,0.026630903,-0.9,-0.9,0.15672351,-0.35619596,0.49329352,-0.9,-0.007510829,-0.9,-0.045009185,0.28383234,0.7189653,0.63121706,-0.063588254,-0.74970955,0.38121852,-0.46081272,0.029667249,-0.35765105,-0.09369139,0.09303168,-0.22968838,0.047199164,-0.12693702,-0.9356369,-0.9348295,-0.9301332,-0.9405462,-0.9069996,-0.9314847,-0.9042925,-0.9079551,-0.7867226,-0.72623694,-0.8004529,-0.7860346,-0.9091696,-0.91304034,-0.9000938,-0.91388476,0.49280825,-0.8066832,-0.97766507,-0.8247723,-0.22635518,-0.20371844,-0.8313,-0.8106628,0.14178783,-0.08915067,0.48500213,-0.9804014,-0.058722153,-0.9793022,-0.04151557,-0.49484637,0.6609158,-0.31436655,-0.110057645,0.3095935,-0.0071861846,0.64232314,0.5131612,-0.30399662,0.3896578,0.4572762,-0.66295075,0.633567,-0.7476761,0.38104016,0.6711658,0.643732,-0.6772422,0.531144,0.68827194,-0.6775339,0.50548923,-0.39796308,-0.2702598,-0.59641355,0.1772281,-0.70951056,0.6542658,0.68053997,-0.38002574,-0.0591128,-0.6788665,0.2284986,-0.67199,0.56470114,0.5378547,0.5485027,0.15972689,0.46365488,-0.516334,-0.09621033,0.68148685,-0.63965636,0.2949982,0.4958237,0.45117366,0.42975113,0.6178967,-0.36123592,-0.4602559,-0.47458482,0.52112764,-0.68463624,0.34507033,-0.23846142,-0.49030593,0.64559877,0.03704741,0.6221561,-0.6309108,-0.052032717,-0.1786699,0.69603306,0.6510379,-0.4039244,0.35729435,0.43577945,0.65724504,-0.45672944,0.6056617,-0.49282923,0.5832423,0.005368464,-0.6241108,-0.38290983,0.37437475,-0.072828986,-0.39597756,-0.5408997,0.6006103,0.65721494,0.50123805,-0.60214424,0.15224814,-0.7020392,0.6753122,-0.18682972,-0.3999386,0.66002125,-0.29919392,0.5875883,-0.61737454,-0.6370166,0.7194576,-0.04625977,-0.3062414,-0.32837072,0.44079325,0.3995224,0.37207764,0.40551925,-0.37535912,-0.17789502,0.31443518
0.18312006,0.75452554,0.67775035,-0.087585,-0.8834977,0.37046814,-0.37806734,0.07595834,-0.30918944,-0.18866855,0.13400136,-0.24473685,0.08933826,-0.050704233,-0.9,-0.9,-0.9,-0.9,-0.9,-0.9,-0.9,-0.9,-0.8898387,-0.8622581,-0.87096775,-0.87387097,-0.9,-0.9,-0.9,-0.9,0.5741867,-0.73248845,-0.9,-0.9,-0.079144746,-0.2108402,-0.9,-0.9,0.13373837,-0.49269456,0.57470536,-0.9,0.067866005,-0.9,-0.13058689,0.28968245,0.7515605,0.65891135,-0.028979786,-0.81076026,0.3757548,-0.46727574,0.0468243,-0.37380347,-0.09222969,0.12645897,-0.203991,0.061336745,-0.05193055,-0.91783935,-0.92715794,-0.925163,-0.93287647,-0.8946287,-0.930564,-0.90950084,-0.9122499,-0.86563075,-0.8422779,-0.8748586,-0.8644212,-0.90392756,-0.90452945,-0.89331204,-0.9047691,0.51478887,-0.78177476,-0.9774659,-0.79326314,-0.09337223,-0.38803875,-0.82995445,-0.84007233,0.022012627,-0.20344113,0.482816,-0.9783085,-0.008909206,-0.9840843,-0.14351803,-0.58454317,0.9344475,-0.315279,-0.10440344,0.2983288,0.055130854,0.63624895,0.49724993,-0.31957033,0.35561976,0.51094496,-0.65425175,0.6502382,-0.74037594,0.38945004,0.67088586,0.6354967,-0.7081139,0.519442,0.6892198,-0.67543364,0.4931286,-0.33856893,-0.2770069,-0.5675208,0.16870968,-0.69080997,0.64542705,0.6820156,-0.3862065,-0.18720601,-0.6671184,0.25610453,-0.6766799,0.5419635,0.5500311,0.5789642,0.28566074,0.4507074,-0.56886715,-0.038392574,0.6885754,-0.638566,0.20255299,0.48592895,0.44936267,0.4150048,0.6445693,-0.2774525,-0.4795165,-0.47283033,0.5384356,-0.68555355,0.31716022,-0.2587305,-0.4872392,0.64724994,0.07567339,0.65238476,-0.6277399,-0.082258604,-0.0084811505,0.7098789,0.6305162,-0.35014772,0.29871017,0.4011425,0.6383871,-0.44246036,0.61108035,-0.50044626,0.63396764,-0.16607167,-0.6138287,-0.3411211,0.37798208,-0.033055615,-0.4019263,-0.53044856,0.5945558,0.6671649,0.5082148,-0.63766015,0.16614865,-0.6959415,0.6810439,-0.21829791,-0.4095464,0.66710085,-0.28158617,0.5950978,-0.64074624,-0.6236009,0.71715075,-0.045622747,-0.31400836,-0.32520851,0.4414542,0.3950417,0.3708192,0.41170406,-0.37876457,-0.17798623,0.3018375
0.24466059,0.7810467,0.676908,-0.08710956,-0.88489515,0.37035102,-0.3779319,-0.011980915,-0.3494816,-0.15552408,0.11692906,-0.3,0.06948532,-0.101408444,-0.9,-0.9,-0.9,-0.9,-0.9,-0.9,-0.9,-0.9,-0.89564514,-0.8796774,-0.881129,-0.8869355,-0.9,-0.9,-0.9,-0.9,0.5799527,-0.8011727,-0.9,-0.9,0.0029171705,-0.5580111,-0.9,-0.9,0.05920322,-0.4027619,0.54311097,-0.9,0.13234277,-0.9,-0.1725044,0.3005785,0.7616522,0.6836019,-0.027099995,-0.83435065,0.36557484,-0.43864402,0.05207959,-0.36774898,-0.11310488,0.14806013,-0.18402877,0.07145314,-0.008334749,-0.89766675,-0.9213577,-0.92006826,-0.9303934,-0.88412935,-0.9262299,-0.9126916,-0.90744025,-0.90127856,-0.8936652,-0.90803796,-0.90575564,-0.9016494,-0.89719856,-0.88951474,-0.8959561,0.49098292,-0.8005829,-0.9747,-0.80892265,0.045584224,-0.502729,-0.83821535,-0.87670815,-0.031404104,-0.18016557,0.42090517,-0.97522205,-0.03961795,-0.98394334,-0.20660333,-0.67955726,1.196471,-0.31755835,-0.09836828,0.2840544,0.119349904,0.63198024,0.4761936,-0.3310005,0.31718627,0.5467515,-0.6439738,0.6644896,-0.7310419,0.39213175,0.67176974,0.62803024,-0.7283271,0.50585926,0.6914363,-0.67054003,0.47309452,-0.26943678,-0.27989253,-0.53954434,0.16393001,-0.672291,0.6339851,0.68389904,-0.3867878,-0.3182125,-0.65420216,0.29113594,-0.6819102,0.51953226,0.5576115,0.6023223,0.40086022,0.43488714,-0.60130334,0.01788576,0.69110835,-0.63920146,0.09350391,0.4764131,0.44439945,0.4013239,0.6645194,-0.18578522,-0.49618036,-0.4696264,0.55617815,-0.6828623,0.2886561,-0.2773584,-0.47673553,0.6461143,0.11005242,0.6642563,-0.62399185,-0.10707144,0.17340611,0.71727455,0.6085095,-0.2913226,0.22804216,0.3644651,0.6174935,-0.42997614,0.61633116,-0.5061072,0.6604215,-0.34128255,-0.6028672,-0.2956747,0.37657005,0.012129848,-0.4132184,-0.5189805,0.5877639,0.6738955,0.5176122,-0.6668168,0.17149796,-0.68593985,0.6860553,-0.24861126,-0.41855967,0.67229134,-0.26453075,0.60118276,-0.6609257,-0.60767764,0.712173,-0.046464022,-0.32035896,-0.32178286,0.44197074,0.3910065,0.36978826,0.41769174,-0.38222662,-0.17927526,0.28916994
0.29456216,0.7867731,0.67695904,-0.07596114,-0.88543916,0.37010002,-0.3779319,-0.020367462,-0.30876532,-0.1895184,0.106621265,-0.30789474,0.07610297,-0.0950704,-0.9,-0.9,-0.9,-0.9,-0.9,-0.9,-0.9,-0.9,-0.9,-0.88403225,-0.8869355,-0.8927419,-0.9,-0.9,-0.9,-0.9,0.66581815,-0.9,-0.9,-0.9,-0.0027673424,-0.71579295,-0.9,-0.9,-0.077084914,-0.058485996,0.4226684,-0.9,0.07629983,-0.9,-0.18414792,0.31938314,0.74868363,0.6932976,-0.04473751,-0.8331689,0.35201603,-0.39564326,0.037647344,-0.3495918,-0.14381102,0.15244861,-0.17764622,0.07462307,0.0036991742,-0.8810722,-0.916986,-0.9168104,-0.93220246,-0.8779467,-0.92304933,-0.9172708,-0.8996807,-0.9129602,-0.907741,-0.9152726,-0.91535383,-0.8933237,-0.8856293,-0.8823531,-0.88654256,0.44265744,-0.8626161,-0.9703129,-0.85518193,0.16491938,-0.5652366,-0.8537848,-0.90080106,-0.0092675565,-0.044426613,0.30795258,-0.97185427,-0.12122076,-0.9802953,-0.22339445,-0.77929646,1.4446107,-0.32095757,-0.09186965,0.2690111,0.18043923,0.6266339,0.45245874,-0.34309477,0.27727112,0.5718008,-0.6345906,0.67576486,-0.7200775,0.39140335,0.67212695,0.6189297,-0.741036,0.4907171,0.6939472,-0.6641192,0.44145444,-0.19140707,-0.27989763,-0.51171887,0.16385633,-0.6535767,0.62208027,0.6840636,-0.38441074,-0.43824852,-0.64023,0.32813054,-0.6865062,0.4981399,0.5631612,0.61929977,0.494749,0.41529083,-0.6191409,0.07458851,0.6887105,-0.63961416,-0.027772354,0.46878585,0.4347498,0.3884869,0.67767256,-0.082250156,-0.5105807,-0.46565446,0.57182485,-0.6793616,0.25568175,-0.28993,-0.46399182,0.6426179,0.14081085,0.6670364,-0.6199589,-0.123017356,0.34841573,0.720758,0.58273834,-0.22770199,0.147223,0.32608056,0.5928838,-0.4177774,0.62066126,-0.51116276,0.6729897,-0.4971079,-0.59142697,-0.246911,0.37412235,0.061337113,-0.42581373,-0.5063182,0.58043474,0.67837155,0.5266163,-0.69148654,0.16555326,-0.6721054,0.6900114,-0.27600658,-0.42889565,0.67785585,-0.24542801,0.6063665,-0.6785034,-0.59104776,0.7049868,-0.04878062,-0.32532582,-0.31811056,0.4422583,0.3873718,0.36903715,0.4232968,-0.38573113,-0.18155317,0.27636373
0.32562238,0.77979517,0.6769208,-0.05521601,-0.88566315,0.36981556,-0.37785062,-0.060623035,-0.47332707,-0.1151558,0.09889041,-0.34736842,0.06286767,-0.107746474,-0.9,-0.9,-0.9,-0.9,-0.9,-0.9,-0.9,-0.9,-0.89854836,-0.88258064,-0.8869355,-0.8912903,-0.9,-0.9,-0.9,-0.9,0.1264521,-0.9,-0.9,-0.9,0.11697135,-0.5530067,-0.9,-0.9,-0.03772806,0.58590764,-0.16628107,-0.9,-0.71142936,-0.9,-0.15661113,0.3529415,0.71567345,0.69315594,-0.06674574,-0.8220458,0.34529,-0.36570472,0.0014762812,-0.3246354,-0.17615704,0.13600719,-0.1892746,0.068376794,-0.012468645,-0.87499166,-0.9169446,-0.9179387,-0.9381645,-0.8791481,-0.9247119,-0.92472905,-0.8966394,-0.91488624,-0.90330213,-0.9094459,-0.9053431,-0.8745582,-0.86574346,-0.8688331,-0.8752044,0.3692772,-0.92528504,-0.9648989,-0.9013256,0.2430777,-0.6114222,-0.8701199,-0.9126122,0.056739643,0.12874028,0.14296998,-0.9657928,-0.25056517,-0.9752789,-0.22042122,-0.8801117,1.6785429,-0.32516,-0.08495716,0.25530577,0.23343179,0.6194685,0.4289219,-0.358768,0.23867509,0.5921971,-0.62800515,0.6847192,-0.70880115,0.39094532,0.671687,0.6070387,-0.74946725,0.474525,0.69676375,-0.65754753,0.39667627,-0.10465251,-0.279056,-0.48150748,0.16839871,-0.6341645,0.61041343,0.68087405,-0.38299024,-0.5357279,-0.6249097,0.36125624,-0.68960994,0.47819245,0.56806076,0.63147485,0.5636772,0.3900752,-0.62827164,0.13114224,0.682185,-0.63833994,-0.1544555,0.4631417,0.4188892,0.37663075,0.6860133,0.036529113,-0.5248862,-0.46149096,0.5829072,-0.6768686,0.21334347,-0.29286772,-0.45338565,0.6373436,0.17011854,0.66766113,-0.6151935,-0.12742428,0.496927,0.7224436,0.5507406,-0.16157307,0.059739184,0.28669706,0.5630992,-0.40433776,0.62285966,-0.51655865,0.6802481,-0.6146372,-0.58125377,-0.19737048,0.37240058,0.112262376,-0.43614787,-0.49265653,0.5735546,0.68273,0.5321782,-0.71276504,0.14674374,-0.6542528,0.69337744,-0.29910052,-0.44264978,0.68364364,-0.22378282,0.61268073,-0.6939027,-0.57572246,0.69651294,-0.052373648,-0.32907826,-0.31423545,0.44231528,0.38411644,0.36855447,0.42834482,-0.3891985,-0.18462473,0.2634759
0.3397873,0.74461484,0.6770356,-0.041978206,-0.88583386,0.367657,-0.37782353,-0.10686905,-0.37111217,-0.18654391,0.052827425,-0.33157897,0.06286768,-0.13943662,-0.9,-0.9,-0.9,-0.9,-0.9,-0.9,-0.9,-0.9,-0.89709675,-0.88258064,-0.88548386,-0.8883871,-0.9,-0.9,-0.9,-0.9,0.047083497,-0.9,-0.9,-0.9,0.5450675,-0.63020396,-0.9,-0.9,0.3325042,0.118762314,-0.19191001,-0.9,-0.5472309,-0.9,-0.2681002,0.39876077,0.6719764,0.6744385,-0.065789364,-0.8030267,0.361084,-0.36861244,-0.09412496,-0.30011365,-0.20467784,0.06914551,-0.22471553,0.04945057,-0.12020965,-0.8877276,-0.9189359,-0.9205319,-0.9465849,-0.89712495,-0.9387461,-0.9371131,-0.91124016,-0.8910003,-0.85162425,-0.8700647,-0.8502012,-0.84542733,-0.84954506,-0.85798055,-0.8718129,0.23009795,-0.9551984,-0.958981,-0.9335026,0.2691672,-0.62948763,-0.88877654,-0.9207265,0.15972543,0.20120978,-0.07410545,-0.9510314,-0.43375415,-0.9735677,-0.22773892,-0.97855216,1.8973023,-0.32981056,-0.077794775,0.24341156,0.2744619,0.6104361,0.4074937,-0.37928227,0.20340736,0.610448,-0.62525344,0.6918689,-0.6982296,0.39259988,0.6710731,0.5925344,-0.7553984,0.45679545,0.6999104,-0.6511494,0.3373836,-0.008833119,-0.2789012,-0.44626454,0.17709434,-0.6136341,0.5984078,0.67365354,-0.38410527,-0.60640883,-0.6073892,0.38925475,-0.6913725,0.4592252,0.5734557,0.6405095,0.6099083,0.35731947,-0.6320372,0.18461762,0.6725857,-0.63448524,-0.2778445,0.45907497,0.3959793,0.36607292,0.69100714,0.16833487,-0.54067683,-0.45768747,0.5886557,-0.6755486,0.15945369,-0.2851299,-0.4473725,0.6303451,0.19922076,0.668514,-0.6092646,-0.11923697,0.6046062,0.7235187,0.51032954,-0.095151335,-0.03064765,0.24691579,0.5275192,-0.39032647,0.622131,-0.52220196,0.68577003,-0.69058454,-0.57439697,-0.1497301,0.37164834,0.16225073,-0.44229954,-0.47778344,0.5672625,0.68730026,0.53362185,-0.7308042,0.115179464,-0.63236654,0.6965951,-0.3172648,-0.45989698,0.6888624,-0.2017742,0.6213058,-0.70696044,-0.5614882,0.6868483,-0.05689121,-0.33190963,-0.31020597,0.44221193,0.381217,0.3682781,0.43269047,-0.3924956,-0.18830042,0.25070363
0.3404357,0.686238,0.67713773,-0.040401682,-0.8859192,0.34317666,-0.37798607,-0.032827538,-0.24938738,-0.24815865,0.103722185,-0.26842105,0.052941203,-0.120422505,-0.9,-0.9,-0.9,-0.9,-0.9,-0.9,-0.9,-0.9,-0.9,-0.88258064,-0.8883871,-0.8912903,-0.9,-0.9,-0.9,-0.9,-0.08507468,-0.9,-0.9,-0.9,0.5007515,-0.5950375,-0.9,-0.9,0.5876213,-0.16769402,-0.24726292,-0.9,-0.5003133,-0.9,-0.17876247,0.39483705,0.64077115,0.6757605,-0.095514596,-0.79322296,0.3282511,-0.3876607,-0.13569486,-0.27204707,-0.23033455,0.039862547,-0.24710236,0.024502192,-0.20078939,-0.8883328,-0.9229828,-0.9221009,-0.95471156,-0.8984006,-0.9368764,-0.93435985,-0.8989586,-0.8463598,-0.7666116,-0.8029389,-0.7480611,-0.76875705,-0.78268605,-0.81735265,-0.84269273,0.07347455,-0.96875304,-0.9472057,-0.94969285,0.37708402,-0.6190594,-0.89729017,-0.9157568,0.32025996,0.16241093,-0.1768593,-0.9351585,-0.52132744,-0.97215974,-0.20664068,-1.0706744,2.1014738,-0.33455512,-0.07063582,0.23310539,0.3017027,0.6002746,0.38935873,-0.4057132,0.17299989,0.6282599,-0.6273921,0.6970832,-0.6898013,0.39735585,0.67048264,0.5771788,-0.75991386,0.43936196,0.7035891,-0.64488846,0.26261097,0.091252044,-0.2796657,-0.40436062,0.18785867,-0.59029335,0.58410203,0.6623584,-0.39020264,-0.6517073,-0.5871971,0.40933794,-0.6925225,0.44011766,0.5804863,0.6476279,0.637202,0.31439346,-0.63276917,0.23368764,0.66003,-0.6272343,-0.38503164,0.45712227,0.36572057,0.35648334,0.69268864,0.302407,-0.5564116,-0.45570707,0.5886338,-0.6770879,0.09035936,-0.2681485,-0.44766414,0.62116104,0.23015215,0.6725404,-0.6021734,-0.10056411,0.6725225,0.72469443,0.46014997,-0.032729913,-0.11886629,0.2122152,0.4855037,-0.378943,0.6181689,-0.52985257,0.6930907,-0.73380715,-0.5742839,-0.10577049,0.37120596,0.20856728,-0.4425596,-0.4584355,0.55905986,0.69183344,0.5312023,-0.7435458,0.07514569,-0.60673857,0.699215,-0.32775873,-0.47897595,0.69295216,-0.18206386,0.6309104,-0.71802175,-0.5487701,0.67710906,-0.061930154,-0.3341225,-0.30607834,0.44206864,0.3786551,0.36814907,0.43620634,-0.39549816,-0.19239414,0.23835653
0.34064066,0.62808865,0.67713773,-0.042766422,-0.88240963,0.26459858,-0.37779644,-0.104952134,-0.27950048,-0.20906515,0.0115962075,-0.25263157,-0.04301467,-0.14577463,-0.9,-0.9,-0.9,-0.9,-0.9,-0.9,-0.9,-0.9,-0.88258064,-0.83903223,-0.85645163,-0.81725806,-0.63,-0.6198387,-0.70258063,-0.7417742,-0.20286469,-0.9,-0.9,-0.9,0.4891051,-0.39538223,-0.9,-0.9,0.7086278,-0.16735546,-0.25069964,-0.9,-0.50255305,-0.9,-0.10493322,0.3752896,0.62737554,0.6843984,-0.12633601,-0.7860325,0.29321682,-0.41306448,-0.1586526,-0.2528586,-0.24766359,0.02326033,-0.2722076,0.00090293004,-0.25755444,-0.8859915,-0.9278749,-0.9234549,-0.95998496,-0.8976432,-0.9344734,-0.92927897,-0.8890012,-0.7948023,-0.670675,-0.7281701,-0.6190458,-0.62474674,-0.65230644,-0.73647004,-0.78550535,-0.06142312,-0.97447175,-0.93752843,-0.9527372,0.44196424,-0.5901026,-0.8997412,-0.901399,0.44627467,0.07594579,-0.21854924,-0.92024076,-0.5389847,-0.9713955,-0.18147008,-1.1546663,2.292166,-0.33908638,-0.06371473,0.2234362,0.31591988,0.59274226,0.37504992,-0.43275535,0.14970942,0.6431422,-0.6311342,0.70300317,-0.6812278,0.4082967,0.66765165,0.56135845,-0.76575553,0.42484313,0.7082862,-0.63724554,0.17415276,0.18900941,-0.28574604,-0.3530815,0.20368813,-0.56736124,0.5691104,0.6484134,-0.40331617,-0.6766885,-0.5657252,0.4255646,-0.69208914,0.42087942,0.58684474,0.65300757,0.6534854,0.2632906,-0.63163,0.27570614,0.64697176,-0.6176163,-0.46655032,0.45479056,0.32747015,0.3516545,0.6943721,0.42192525,-0.57309353,-0.45583582,0.58699644,-0.67791235,0.007896155,-0.24514876,-0.45034936,0.61031944,0.2645857,0.6768002,-0.59375066,-0.08193462,0.713954,0.72684354,0.40289736,0.02501264,-0.1967197,0.17628056,0.43828568,-0.36948594,0.61145043,-0.5358212,0.7009915,-0.7571844,-0.5756985,-0.06521043,0.37306583,0.24896453,-0.43772623,-0.43723392,0.55137503,0.69544655,0.52609026,-0.75337166,0.030512983,-0.5819788,0.7010668,-0.32868806,-0.49667716,0.69341004,-0.1638849,0.63944596,-0.7249074,-0.5364079,0.6672666,-0.06712204,-0.335956,-0.3018882,0.44202155,0.376403,0.36813644,0.43882623,-0.3981179,-0.19671433,0.2266979
0.3409141,0.58763695,0.67713773,-0.07492268,-0.84894633,0.19420294,-0.37744388,-0.18378605,-0.24090481,-0.22861189,-0.057337224,-0.18947369,-0.082720555,-0.22816901,-0.9,-0.9,-0.9,-0.9,-0.9,-0.9,-0.9,-0.9,-0.7562903,-0.6212903,-0.70403224,-0.48919356,0.08129031,0.074032225,-0.21338709,-0.33967742,-0.26125944,-0.9,-0.9,-0.9,0.43912548,-0.13162532,-0.9,-0.9,0.73155296,-0.09073323,-0.2248131,-0.9,-0.5786365,-0.9,-0.06856445,0.36960548,0.6294306,0.6916875,-0.15430738,-0.7501683,0.24535397,-0.42464697,-0.2031164,-0.25872988,-0.24419673,-0.025479881,-0.326808,-0.052529287,-0.31483868,-0.875637,-0.9310525,-0.91995305,-0.9623799,-0.8975981,-0.9326369,-0.92221487,-0.8845469,-0.7162897,-0.5324051,-0.6222366,-0.42627028,-0.29384995,-0.34218103,-0.531048,-0.6398261,-0.18529642,-0.9781404,-0.93098557,-0.94984406,0.49498764,-0.44711193,-0.90082633,-0.87800044,0.5563833,0.0023289337,-0.2412892,-0.9068267,-0.51160306,-0.96952903,-0.15806827,-1.2341753,2.4660547,-0.34324592,-0.057178237,0.21297437,0.31774557,0.58585787,0.3622569,-0.45703855,0.13297267,0.65300924,-0.63259465,0.7085138,-0.67094696,0.4239328,0.6630461,0.54363406,-0.7718945,0.4120225,0.71393895,-0.6273762,0.0738857,0.27870005,-0.29620087,-0.29201064,0.22348456,-0.5437703,0.5558185,0.6315748,-0.41865283,-0.68833566,-0.54143816,0.44576004,-0.69224876,0.39878082,0.5928495,0.6584079,0.66307765,0.20663582,-0.6293554,0.31126586,0.63448066,-0.6066546,-0.5220914,0.45273086,0.2837426,0.3508317,0.69436985,0.5154736,-0.5898033,-0.45591125,0.58603245,-0.6775146,-0.08171794,-0.21734163,-0.4520311,0.59907794,0.30125245,0.67982864,-0.5850089,-0.06615927,0.73864776,0.72883636,0.34023628,0.07934164,-0.25988367,0.13457428,0.38727325,-0.36165103,0.6042478,-0.5386947,0.70811254,-0.7701597,-0.5763759,-0.026033176,0.37824002,0.28073356,-0.42955154,-0.41469815,0.5456507,0.69635636,0.5206243,-0.7603401,-0.017986253,-0.5607535,0.6998812,-0.32264614,-0.5104425,0.69137555,-0.14699195,0.6462284,-0.7286143,-0.523101,0.6570256,-0.072279714,-0.33759493,-0.2976289,0.44213337,0.3744286,0.36822513,0.4406096,-0.4003616,-0.2010417,0.21589871
0.34152812,0.56709504,0.6770867,-0.14278865,-0.76319194,0.1748429,-0.37633273,-0.31581476,-0.27016965,-0.203966,-0.16975668,-0.40263158,-0.09595586,-0.42464787,-0.9,-0.9,-0.9,-0.9,-0.9,-0.9,-0.9,-0.9,-0.60096776,-0.34693548,-0.47903228,-0.09000003,0.3614516,0.3251613,-0.020322587,-0.22500001,-0.30036148,-0.9,-0.9,-0.9,0.30793262,0.09409908,-0.9,-0.9,0.7348889,-0.0520929,-0.24889445,-0.9,-0.5753102,-0.9,-0.007019931,0.37480792,0.6420779,0.6958541,-0.18951574,-0.69218695,0.20416571,-0.42718035,-0.2715228,-0.28492162,-0.22982992,-0.0987856,-0.39433452,-0.12731126,-0.38663894,-0.8545601,-0.9288969,-0.9076533,-0.95968074,-0.89668506,-0.9283756,-0.90902144,-0.88108945,-0.57968026,-0.30674368,-0.44204193,-0.122711554,0.20095506,0.14198071,-0.15177812,-0.36126044,-0.2900919,-0.9749859,-0.92551845,-0.9332958,0.50385594,-0.16624382,-0.8957259,-0.8494727,0.6556117,-0.06333046,-0.2394456,-0.8891488,-0.44591445,-0.963829,-0.105311155,-1.3161548,2.6297698,-0.34694836,-0.05120108,0.19706659,0.3058269,0.57740504,0.35033408,-0.48005307,0.12376351,0.6585064,-0.63062584,0.7123697,-0.657695,0.44493097,0.6576128,0.52225226,-0.7777416,0.39572844,0.72205037,-0.6150669,-0.0397203,0.35508826,-0.30710563,-0.21875837,0.24805535,-0.51782215,0.54533684,0.6117741,-0.43417916,-0.69020694,-0.5103486,0.47512332,-0.6941438,0.3678177,0.60003906,0.6669304,0.6695564,0.1444566,-0.6267579,0.3424779,0.62352324,-0.5944646,-0.556176,0.45224544,0.23550114,0.35246003,0.69141436,0.582638,-0.6072699,-0.4528118,0.585984,-0.67565966,-0.17485154,-0.18122038,-0.45020646,0.58951455,0.33801085,0.6812897,-0.576881,-0.05174801,0.75690246,0.7307815,0.27011347,0.13437541,-0.3069807,0.08350821,0.32894906,-0.3559923,0.59926695,-0.54017013,0.71404344,-0.77938485,-0.5762019,0.017005915,0.38858473,0.30195194,-0.4179138,-0.39187625,0.5434158,0.6954628,0.51934195,-0.76528335,-0.07049563,-0.5459115,0.69423395,-0.31554386,-0.51975524,0.6890015,-0.12741706,0.65093076,-0.7308131,-0.5064524,0.6449427,-0.07733302,-0.33912688,-0.29335964,0.44245234,0.3727861,0.36841476,0.44162577,-0.40228838,-0.2051737,0.20611025
0.3436101,0.55838525,0.6770484,-0.22465578,-0.63155746,0.17007399,-0.37530264,-0.24608636,-0.3562677,-0.19419263,-0.14141023,-0.45789474,-0.13235292,-0.5197183,-0.9,-0.9,-0.9,-0.9,-0.9,-0.9,-0.9,-0.9,-0.5066129,-0.14080645,-0.28596777,0.1887097,0.4369354,0.34258065,0.0,-0.24677423,-0.34189153,-0.9,-0.9,-0.9,0.20038515,0.24716888,-0.9,-0.9,0.71604306,-0.07093579,-0.24301115,-0.9,-0.57292783,-0.9,0.014715564,0.41668814,0.6208438,0.6799506,-0.27139804,-0.6195326,0.18315165,-0.39969614,-0.29235378,-0.31479913,-0.21074276,-0.12897016,-0.42685214,-0.17172718,-0.42505884,-0.85315186,-0.9227754,-0.89976573,-0.9540596,-0.90987486,-0.92850566,-0.9001209,-0.8832983,-0.4860741,-0.13828404,-0.29291868,0.120762505,0.398474,0.34231955,0.02515311,-0.21041171,-0.33614263,-0.96810824,-0.917594,-0.9123386,0.2853103,0.053077716,-0.8755803,-0.83016944,0.69279623,-0.057189524,-0.23361489,-0.88630855,-0.450329,-0.9438489,0.02929405,-1.4035293,2.788083,-0.35022077,-0.04599643,0.17215388,0.2809911,0.56662714,0.3394938,-0.5023755,0.12333216,0.6597489,-0.6254073,0.71409494,-0.641636,0.47155032,0.64974797,0.49585718,-0.78325784,0.37479645,0.73274547,-0.59972125,-0.16359083,0.4139812,-0.31635612,-0.13028112,0.27694592,-0.4884131,0.537606,0.5882177,-0.45018807,-0.6838277,-0.46900162,0.5137113,-0.69767976,0.32384893,0.6077934,0.67974305,0.67419964,0.07704522,-0.6249111,0.37003306,0.6139791,-0.58064127,-0.57359743,0.45524865,0.18364024,0.35560608,0.6846895,0.62793005,-0.62515724,-0.4456636,0.58719534,-0.6727446,-0.26808944,-0.13383138,-0.44421044,0.58362114,0.37231612,0.6806304,-0.5709815,-0.039057035,0.7739038,0.7318403,0.19039537,0.19276781,-0.33936092,0.020498764,0.25940046,-0.353874,0.5977726,-0.54170907,0.71872514,-0.78688115,-0.57537735,0.06506707,0.4055369,0.31255433,-0.40252134,-0.3712953,0.54411256,0.69444793,0.5234659,-0.7679476,-0.12668216,-0.537573,0.68345517,-0.3109072,-0.526559,0.68650985,-0.102284394,0.65401703,-0.7336243,-0.48532462,0.6292867,-0.08229447,-0.34056428,-0.2891618,0.44303775,0.37160036,0.36871064,0.44198403,-0.40404874,-0.20899172,0.19747494
0.36484042,0.5563248,0.6770484,-0.3097635,-0.50848883,0.16893615,-0.37429985,-0.20894572,-0.4050424,-0.15467422,-0.14334294,-0.52894735,-0.18860291,-0.55774647,-0.9,-0.9,-0.9,-0.9,-0.9,-0.9,-0.9,-0.9,-0.4616129,-0.043548398,-0.19306453,0.30048388,0.47322577,0.34258065,0.005806446,-0.25258067,-0.36836344,-0.9,-0.9,-0.9,-0.021846807,0.36849496,-0.9,-0.9,0.68363875,-0.052713722,-0.2277483,-0.9,-0.50108093,-0.9,0.1164466,0.45760095,0.5948522,0.6617588,-0.34988505,-0.55043447,0.19225715,-0.36301053,-0.2897361,-0.3416676,-0.19838218,-0.13076355,-0.4455333,-0.19178088,-0.44532913,-0.86074555,-0.9150907,-0.8955268,-0.9465331,-0.92205334,-0.9289441,-0.8956622,-0.88477206,-0.4313887,-0.038451403,-0.20250171,0.25923666,0.44909877,0.3799789,0.053375952,-0.18237267,-0.3735843,-0.96228164,-0.9120124,-0.89096946,-0.0327175,0.2129129,-0.84590137,-0.8146451,0.679321,-0.051185586,-0.240195,-0.8930961,-0.4919974,-0.9141351,0.12974761,-1.4885046,2.9397032,-0.3531176,-0.04179271,0.14288996,0.2530113,0.55384743,0.32841858,-0.52319306,0.12989296,0.6574244,-0.61837375,0.71077794,-0.62753016,0.4950804,0.6392472,0.46303383,-0.7871718,0.35500342,0.74064815,-0.5840571,-0.28705254,0.45770168,-0.32421076,-0.030824006,0.30478778,-0.4572272,0.5322684,0.5597076,-0.46712247,-0.673027,-0.42090988,0.55225724,-0.7011245,0.27054316,0.6144344,0.6924837,0.67764616,0.004416474,-0.62404466,0.39304122,0.60793483,-0.563951,-0.5824416,0.46049196,0.1273821,0.35723072,0.67701524,0.6554054,-0.6405487,-0.43971488,0.5883346,-0.6719987,-0.35706103,-0.07853251,-0.43972585,0.5831194,0.40284023,0.67802984,-0.56721187,-0.020641113,0.7868973,0.72979426,0.10221787,0.25060785,-0.36543065,-0.052466962,0.1799491,-0.35647634,0.59323597,-0.542826,0.7223239,-0.7920952,-0.5714791,0.11091839,0.42344514,0.31773034,-0.38266405,-0.35446796,0.54469633,0.6965865,0.5268813,-0.7685377,-0.18612266,-0.5312822,0.67002827,-0.3050881,-0.5337613,0.6823724,-0.07711172,0.6591506,-0.73849815,-0.465009,0.61143696,-0.0872033,-0.3418997,-0.2851423,0.44394088,0.371014,0.3691102,0.44177967,-0.40579987,-0.21241143,0.19016378
0.4152878,0.5564006,0.67666554,-0.3926441,-0.44255424,0.16910347,-0.3732158,-0.32779562,-0.41903865,-0.15339942,-0.1871511,-0.6236842,-0.25147057,-0.5830986,-0.9,-0.9,-0.9,-0.9,-0.9,-0.9,-0.9,-0.9,-0.43693548,-0.002903234,-0.14661294,0.35564512,0.5037096,0.35999998,0.026129007,-0.243871,-0.41024795,-0.9,-0.9,-0.8942279,-0.36932945,0.42719316,-0.87737113,-0.84351474,0.47572023,-0.015559119,-0.2341415,-0.9,-0.53714633,-0.9,0.16438873,0.4969511,0.5755042,0.6473966,-0.42049748,-0.48955572,0.21440971,-0.31339493,-0.27525485,-0.3646885,-0.19048022,-0.12017118,-0.4598651,-0.20172277,-0.4493169,-0.87287015,-0.9089424,-0.8960636,-0.938992,-0.9316477,-0.9297655,-0.89627665,-0.88734895,-0.40850317,0.007282203,-0.15986215,0.32599267,0.46274403,0.3756534,0.04041316,-0.19528352,-0.3971701,-0.95764065,-0.909211,-0.8578846,-0.33801723,0.3146741,-0.80232203,-0.7868537,0.6259438,-0.037734028,-0.2527815,-0.9025873,-0.5385181,-0.8697534,0.18403238,-1.5620334,3.0831475,-0.35559613,-0.038728517,0.11287387,0.22539414,0.5384528,0.316739,-0.5399282,0.1433199,0.65200067,-0.6099186,0.7046116,-0.61576337,0.51255286,0.6269945,0.42317227,-0.789288,0.33936608,0.744476,-0.5711177,-0.39841467,0.49060193,-0.331109,0.07686218,0.32956716,-0.42287418,0.52828133,0.52650446,-0.48363942,-0.6614658,-0.36511734,0.58327,-0.703638,0.21128252,0.6187721,0.7033363,0.68066984,-0.07111476,-0.62407815,0.41011995,0.6043009,-0.54527134,-0.5862599,0.46559474,0.06615194,0.35895732,0.6694786,0.67230666,-0.6511706,-0.43724877,0.5885032,-0.6740186,-0.4352582,-0.018833615,-0.43799123,0.5855386,0.42817092,0.6731799,-0.5635761,0.0070376927,0.7946606,0.72608167,0.0072941678,0.30439043,-0.3869713,-0.1282779,0.090640835,-0.36258957,0.5812011,-0.5445202,0.7247374,-0.7956941,-0.56552064,0.14916685,0.43821204,0.31979313,-0.35979775,-0.34034795,0.54363704,0.7006413,0.5258357,-0.7676587,-0.24897501,-0.5237565,0.6568894,-0.2960481,-0.5421075,0.6771766,-0.054784976,0.6658977,-0.743774,-0.44600686,0.593204,-0.092032775,-0.34320757,-0.28145358,0.44515225,0.37104902,0.36953303,0.4409898,-0.4075024,-0.215354,0.18441395
0.47836447,0.55714643,0.65485406,-0.46845528,-0.42339578,0.16920388,-0.37053245,-0.3263579,-0.39062205,-0.15254958,-0.14108811,-0.5368421,-0.2713235,-0.5514084,-0.9,-0.9,-0.9,-0.9,-0.9,-0.9,-0.9,-0.9,-0.41806453,0.014516104,-0.1320968,0.37596768,0.5167741,0.36580643,0.040645123,-0.243871,-0.47643048,-0.9,-0.9,-0.7995483,-0.55749124,0.35184908,-0.63332456,-0.67441785,0.36571288,-0.061503213,-0.24231377,-0.9,-0.6516284,-0.9,0.12536494,0.5368574,0.5475711,0.63219386,-0.48127815,-0.44848594,0.24001126,-0.25611445,-0.2532237,-0.37924892,-0.18082358,-0.098434195,-0.46138743,-0.20639136,-0.43167266,-0.8897613,-0.9071823,-0.90370595,-0.9336226,-0.9397364,-0.9314787,-0.90329486,-0.892901,-0.427631,0.002221074,-0.16170423,0.3395719,0.45220995,0.34604663,0.008478083,-0.23422979,-0.39920077,-0.9511382,-0.90887016,-0.79692596,-0.5925052,0.3486069,-0.73709536,-0.7314117,0.51314056,-0.01494283,-0.28326067,-0.9099475,-0.5993389,-0.80764455,0.1908967,-1.6188769,3.2188556,-0.35749862,-0.036854003,0.08285633,0.19759096,0.519617,0.30428532,-0.55206865,0.16420841,0.6432035,-0.5999504,0.69767636,-0.6051708,0.5239196,0.6141073,0.37363595,-0.7898548,0.3270415,0.7447239,-0.56206703,-0.489945,0.5175485,-0.33693302,0.1908928,0.35150197,-0.38392955,0.5250377,0.48819473,-0.4990319,-0.6493255,-0.29708213,0.6055096,-0.7061275,0.14715984,0.62108254,0.7127055,0.68412644,-0.14650683,-0.6248258,0.42052883,0.6021388,-0.5257716,-0.58695287,0.46862897,-0.0015483113,0.3629466,0.6619205,0.6840379,-0.65787154,-0.43802541,0.5871584,-0.6778107,-0.49785134,0.043532114,-0.43808323,0.5896507,0.4467304,0.66526854,-0.5594817,0.04523499,0.7979849,0.72189873,-0.092733145,0.3531261,-0.404536,-0.2018655,-0.010923621,-0.37111574,0.56041056,-0.547481,0.72499645,-0.7984395,-0.55777615,0.17722596,0.44939658,0.31836367,-0.3344916,-0.3291209,0.5405675,0.7056191,0.5196241,-0.76523966,-0.3141813,-0.51380575,0.64493465,-0.2835299,-0.55207926,0.6720254,-0.03640859,0.6734739,-0.74800766,-0.42657956,0.5744355,-0.09667399,-0.34457648,-0.27822566,0.44662875,0.37164485,0.36990383,0.43952122,-0.40907344,-0.21770431,0.18040244
0.52713954,0.557867,0.60373944,-0.525248,-0.42725736,0.16836722,-0.34193832,-0.19696489,-0.3927427,-0.11558073,-0.020293547,-0.45789474,-0.19191174,-0.29788733,-0.9,-0.9,-0.9,-0.9,-0.9,-0.9,-0.9,-0.9,-0.42967743,-1.0896474e-08,-0.14661294,0.35709673,0.5124193,0.3745161,0.040645123,-0.243871,-0.5559672,-0.9,-0.9,-0.6395821,-0.68753797,0.1492659,-0.4977061,-0.57811993,0.26147687,-0.13008901,-0.31805944,-0.9,-0.8057773,-0.78901625,0.058084093,0.55031645,0.5250618,0.6151213,-0.52968776,-0.4448094,0.23865949,-0.21821253,-0.2131473,-0.38104147,-0.16684881,-0.05512121,-0.44402978,-0.19686691,-0.39357233,-0.90492487,-0.91048235,-0.9151261,-0.93207395,-0.9438736,-0.9321123,-0.9114664,-0.8938019,-0.44291937,-0.01195788,-0.17326403,0.333084,0.43664414,0.31788394,-0.017569683,-0.27615216,-0.40966123,-0.93598086,-0.9044396,-0.6861622,-0.7171805,0.29338473,-0.65543026,-0.64134663,0.39728126,-0.051749762,-0.30671465,-0.9097243,-0.6442965,-0.7352224,0.16079374,-1.6566652,3.3461773,-0.35860887,-0.03620519,0.051597506,0.1673608,0.4949727,0.29092667,-0.5602117,0.1929239,0.6304881,-0.5884223,0.6906192,-0.59427917,0.5299968,0.60007197,0.30960742,-0.78873366,0.3166324,0.7413202,-0.55752873,-0.5593158,0.5422097,-0.34141755,0.3078194,0.37150058,-0.3391771,0.52271837,0.44264013,-0.5128714,-0.63573384,-0.211069,0.6200325,-0.7092987,0.07793442,0.62189114,0.7212374,0.6884188,-0.2179547,-0.6264415,0.42392614,0.6008452,-0.5054503,-0.5854191,0.46833423,-0.076903075,0.36975914,0.6527282,0.6936371,-0.6616403,-0.44150138,0.5836836,-0.68278164,-0.54354745,0.10737876,-0.43894434,0.5950357,0.45653552,0.6536407,-0.5540944,0.09345849,0.79736316,0.71719486,-0.1952752,0.39745677,-0.41854537,-0.26860848,-0.12635027,-0.38207647,0.5294116,-0.5520185,0.7226344,-0.8007762,-0.54734194,0.1937847,0.458243,0.31174394,-0.30611664,-0.32209116,0.5351696,0.7112777,0.50717014,-0.7602985,-0.37994277,-0.5006596,0.6341316,-0.2681901,-0.563941,0.667784,-0.023074972,0.68146807,-0.75075424,-0.404279,0.5541658,-0.10096886,-0.34607422,-0.27556276,0.4483372,0.37272403,0.37017608,0.43724576,-0.41047964,-0.21934128,0.17826341
0.5486425,0.55761415,0.55972093,-0.57128024,-0.44273558,0.166376,-0.26011273,-0.031629503,-0.36305374,-0.12067988,0.080851756,-0.48157895,-0.11249998,-0.26619717,-0.9,-0.9,-0.9,-0.9,-0.9,-0.9,-0.9,-0.9,-0.44274193,-0.027580656,-0.1785484,0.32516128,0.49935478,0.36580643,0.034838676,-0.243871,-0.60519016,-0.9,-0.9,-0.4698403,-0.70644116,0.011042332,-0.4428377,-0.5246403,0.2514823,-0.26916927,-0.39101478,-0.9,-0.89117396,-0.57906765,-0.0026174604,0.5494694,0.5271669,0.60497594,-0.573329,-0.48818642,0.22117294,-0.21307208,-0.13935837,-0.38963604,-0.14169762,0.008740672,-0.419466,-0.17952482,-0.3176563,-0.91850054,-0.9169323,-0.9271154,-0.9365275,-0.9438486,-0.9337057,-0.92133,-0.8936384,-0.46105963,-0.050820895,-0.21403378,0.28768072,0.4423672,0.31979546,-0.015130429,-0.2890939,-0.41480175,-0.91334224,-0.8912214,-0.55057406,-0.72909856,0.17745523,-0.59046507,-0.54299134,0.32727346,-0.15572892,-0.320865,-0.9042299,-0.6597189,-0.6581046,0.086406484,-1.6740938,3.4612913,-0.35867304,-0.0368585,0.019678164,0.13436629,0.4651852,0.2775325,-0.5631738,0.22966033,0.6144845,-0.5761236,0.6852809,-0.58300596,0.53214145,0.58428884,0.22697078,-0.78650606,0.31004238,0.73456764,-0.55722356,-0.6072545,0.5656687,-0.34597635,0.42165458,0.39025238,-0.2880778,0.52022403,0.3893086,-0.52487373,-0.62009543,-0.104305364,0.62799263,-0.71221966,0.005880474,0.62042534,0.7280751,0.69295114,-0.28179526,-0.6276748,0.41991112,0.59745085,-0.4849382,-0.57980496,0.46525148,-0.15872167,0.3808968,0.64188343,0.70135915,-0.6640389,-0.44788808,0.57927424,-0.6877424,-0.57369715,0.17098393,-0.43863025,0.60077447,0.4576179,0.6382793,-0.54781157,0.14589418,0.79376,0.7120895,-0.29384243,0.4362408,-0.4277909,-0.32442397,-0.2513102,-0.3948399,0.48847905,-0.5566024,0.7183212,-0.8018487,-0.5344522,0.19600017,0.46578196,0.2985631,-0.27596962,-0.31829548,0.5268481,0.7153161,0.4882866,-0.75300235,-0.44112322,-0.48381463,0.6256259,-0.2478252,-0.5774972,0.6637588,-0.014358744,0.689362,-0.751751,-0.37914094,0.53162855,-0.10472429,-0.34774178,-0.27357325,0.45027944,0.37422007,0.37033537,0.433992,-0.41173196,-0.22016384,0.1781409
0.5564589,0.5565523,0.52789074,-0.60844135,-0.48520213,0.16540548,-0.21035068,-0.08841861,-0.35329878,-0.11983003,0.100823134,-0.40263158,-0.076102905,-0.23450702,-0.9,-0.9,-0.9,-0.9,-0.9,-0.9,-0.9,-0.9,-0.45,-0.042096797,-0.19596775,0.3019355,0.48193544,0.37016127,0.023225784,-0.25258067,-0.6159723,-0.9,-0.9,-0.39960423,-0.6657986,0.066014424,-0.46492082,-0.44270805,0.297865,-0.44319722,-0.44896948,-0.9,-0.800027,-0.32927367,-0.09385698,0.55868584,0.5334918,0.5855886,-0.6298767,-0.5354629,0.19785745,-0.21475475,-0.033365246,-0.39458913,-0.10696328,0.095466815,-0.38127846,-0.15570119,-0.2063398,-0.93135506,-0.9255223,-0.93870544,-0.9456308,-0.941077,-0.93623996,-0.9299107,-0.8922099,-0.4784816,-0.095527045,-0.26397732,0.23390436,0.46303788,0.3464655,0.0051665236,-0.2791398,-0.41251543,-0.87982947,-0.8596177,-0.4377818,-0.65975296,0.06902896,-0.55649173,-0.44773036,0.33174247,-0.28119603,-0.3180282,-0.8908248,-0.6505671,-0.56522346,0.00034229457,-1.6762162,3.557284,-0.3574678,-0.038876608,-0.011717813,0.09836398,0.43208668,0.26420102,-0.5602095,0.27137184,0.5965939,-0.56356335,0.68249583,-0.5723965,0.5302362,0.56764275,0.12547208,-0.7840956,0.30761692,0.7253709,-0.5597093,-0.63723254,0.588031,-0.3522243,0.5217176,0.40843496,-0.22942336,0.51683813,0.32908204,-0.5326909,-0.60446566,0.018995563,0.63279355,-0.71311146,-0.06588107,0.6171892,0.73257047,0.69647413,-0.33589953,-0.6259687,0.41000694,0.58925605,-0.46644232,-0.57009125,0.4605928,-0.24178535,0.3973915,0.6303127,0.70731604,-0.6663869,-0.45465294,0.57627237,-0.6915838,-0.5898672,0.23256025,-0.43575844,0.605313,0.45135146,0.6195093,-0.541959,0.19836444,0.7874203,0.7069307,-0.37954348,0.46770674,-0.43117374,-0.3682496,-0.3737636,-0.40859085,0.43887833,-0.5599246,0.7123071,-0.8012011,-0.51900584,0.18377218,0.47136158,0.278772,-0.24652846,-0.3138723,0.51670635,0.71526915,0.4647525,-0.7447709,-0.49365327,-0.46424645,0.6199044,-0.22010833,-0.59028774,0.6600807,-0.009981504,0.696624,-0.75135624,-0.35226,0.5063823,-0.1077447,-0.34958488,-0.27234298,0.45245656,0.3760667,0.37040684,0.4296307,-0.41285616,-0.22009178,0.18012911
0.5566977,0.55554104,0.509589,-0.64533967,-0.55363286,0.16490349,-0.20658319,0.01964855,-0.367295,-0.112606235,0.16234782,-0.22105263,-0.05294114,-0.15845068,-0.9,-0.9,-0.9,-0.9,-0.9,-0.9,-0.9,-0.9,-0.46596774,-0.07112903,-0.22935486,0.2641936,0.45870966,0.36580643,0.014516115,-0.2554839,-0.5103662,-0.82518756,-0.9,-0.3303681,-0.49940225,0.12047903,-0.54843086,-0.25851405,0.36875558,-0.5983479,-0.43273795,-0.9,-0.5815793,-0.31075522,-0.14186022,0.57780075,0.5301359,0.55697244,-0.6830734,-0.5651745,0.16508636,-0.21426135,0.05040147,-0.38133645,-0.08252802,0.17458141,-0.33926776,-0.12963533,-0.109920904,-0.9401037,-0.93274677,-0.9463029,-0.95257264,-0.9397415,-0.94141257,-0.9382201,-0.8943483,-0.5017877,-0.14612086,-0.31031275,0.18683387,0.48317617,0.37435606,0.025847118,-0.26358378,-0.42224103,-0.8210781,-0.8042518,-0.3548915,-0.5239958,0.029123934,-0.53867596,-0.33012563,0.36294097,-0.40221795,-0.30037224,-0.873635,-0.6169938,-0.46480474,-0.08662907,-1.6695652,3.6299083,-0.35492426,-0.0422941,-0.04207926,0.06065053,0.3982081,0.25277543,-0.55296916,0.3138192,0.5794973,-0.5506041,0.68248135,-0.56350034,0.5235399,0.55091125,0.00784314,-0.7819257,0.30982712,0.71472454,-0.56437284,-0.6537508,0.60802746,-0.36117953,0.6004155,0.426886,-0.16364771,0.5131226,0.26304543,-0.53529716,-0.58944905,0.14984214,0.6353351,-0.71101904,-0.13536543,0.6132083,0.7349004,0.69835913,-0.3810074,-0.619938,0.3978509,0.57632816,-0.45020673,-0.55709976,0.45578122,-0.31977683,0.4189919,0.618768,0.7108738,-0.6697579,-0.4595602,0.5754665,-0.6932305,-0.595144,0.29167172,-0.4308796,0.60881156,0.438811,0.5989939,-0.537957,0.2479387,0.7798037,0.7011634,-0.44680864,0.49151218,-0.42926338,-0.39967158,-0.4808665,-0.42299333,0.38143393,-0.5606642,0.7055856,-0.7987521,-0.50059676,0.158296,0.47483963,0.253995,-0.21952347,-0.30634072,0.50669765,0.7103893,0.43865502,-0.736816,-0.5344447,-0.4446514,0.61656696,-0.18465939,-0.60096174,0.65586716,-0.009472275,0.70323706,-0.749863,-0.32647622,0.47808895,-0.109883435,-0.35156065,-0.27194208,0.4548227,0.37821645,0.37045503,0.42415988,-0.41386715,-0.21913633,0.1842658
0.5567659,0.5493595,0.503565,-0.6762322,-0.62695986,0.16371545,-0.2063122,0.061102234,-0.39231858,-0.099433415,0.2045454,-0.22894737,-0.052941147,-0.11408449,-0.9,-0.9,-0.9,-0.9,-0.9,-0.9,-0.9,-0.9,-0.47903225,-0.10161287,-0.25693554,0.225,0.44129023,0.36580643,0.011612892,-0.25258067,-0.41123748,-0.659499,-0.8930605,-0.28190687,-0.27133188,0.14803454,-0.63052225,-0.06457703,0.49940553,-0.61287963,-0.32740727,-0.9,-0.27540317,-0.3815984,-0.13536337,0.5880436,0.5412186,0.53429455,-0.71257675,-0.5958067,0.12332818,-0.22226569,0.07818162,-0.35483283,-0.08300376,0.22037137,-0.31113318,-0.10112511,-0.06274231,-0.93971705,-0.9345703,-0.9464406,-0.95224,-0.9370011,-0.9452188,-0.9433888,-0.89511466,-0.51591575,-0.18946923,-0.3386469,0.14965908,0.49737015,0.39970142,0.056459714,-0.23443577,-0.43256062,-0.712946,-0.7279999,-0.25763094,-0.30207226,0.018970255,-0.52664447,-0.19662298,0.39483914,-0.4850324,-0.26945835,-0.85823494,-0.5369937,-0.369858,-0.15811063,-1.6579882,3.6793163,-0.35113356,-0.04708628,-0.07116977,0.02243625,0.36548886,0.24532719,-0.5450877,0.35380948,0.56416374,-0.5356907,0.68404067,-0.5569472,0.5139859,0.5344707,-0.120323576,-0.7797729,0.31724164,0.7035976,-0.57013917,-0.6611601,0.62372476,-0.37171707,0.6570462,0.44618538,-0.09149869,0.50835425,0.19154626,-0.533696,-0.5744621,0.27792698,0.6350667,-0.70646805,-0.20269756,0.6101013,0.7357766,0.69921803,-0.41784367,-0.61190826,0.38541162,0.5622058,-0.43514124,-0.5424576,0.45303708,-0.38825992,0.44295698,0.6076344,0.7116071,-0.6737203,-0.462573,0.5749501,-0.69192344,-0.59352523,0.34744722,-0.42439058,0.6115333,0.41935334,0.5777479,-0.5360101,0.29429063,0.77215195,0.69433093,-0.495193,0.5103656,-0.42314982,-0.41911703,-0.5647689,-0.43876663,0.31558412,-0.5590289,0.6980259,-0.794734,-0.47971192,0.122090556,0.47567758,0.22586162,-0.1958112,-0.29764593,0.49795178,0.7029065,0.4104349,-0.7292212,-0.56299,-0.4269006,0.614757,-0.14342141,-0.6096232,0.65032566,-0.011793205,0.70918655,-0.7479114,-0.30358863,0.44626167,-0.11105472,-0.35359845,-0.2724261,0.4572913,0.3806179,0.37054116,0.41770002,-0.41474786,-0.21741225,0.19051804
0.55703884,0.53230655,0.5029907,-0.701169,-0.6636767,0.14735061,-0.20612258,0.115015954,-0.4211593,-0.053116128,0.24126692,-0.32368422,-0.102573514,-0.101408444,-0.9,-0.9,-0.9,-0.9,-0.9,-0.9,-0.9,-0.9,-0.48774192,-0.13064519,-0.28161293,0.19306454,0.45870966,0.38467738,0.034838676,-0.23951615,-0.3434403,-0.5631209,-0.83537716,-0.18542084,-0.10741657,0.102289476,-0.6793822,-0.0149984835,0.5298739,-0.50576264,-0.3205632,-0.9,-0.23706855,-0.414994,-0.113059886,0.5978944,0.5675868,0.5218242,-0.7310407,-0.61982894,0.088615514,-0.2208518,0.08351829,-0.33406627,-0.0974024,0.24422811,-0.29886857,-0.07487938,-0.04106368,-0.93264085,-0.9324763,-0.9422876,-0.94768035,-0.9325608,-0.94588244,-0.94431025,-0.8909329,-0.51158005,-0.2048859,-0.34125125,0.13504376,0.50085497,0.42229673,0.090351164,-0.19579655,-0.41691622,-0.56727624,-0.65038186,-0.15852863,-0.076342896,-0.004362362,-0.51659274,-0.0778022,0.4238329,-0.4853094,-0.23994026,-0.8497019,-0.4351753,-0.25837114,-0.18171671,-1.6412162,3.7076554,-0.3462806,-0.053201366,-0.09628642,-0.014222089,0.33724898,0.24337289,-0.53871566,0.38919336,0.55013555,-0.51828235,0.6864896,-0.55440193,0.50485843,0.51843226,-0.24805705,-0.7775899,0.33071345,0.693315,-0.57557184,-0.6616412,0.63413,-0.3815824,0.69509643,0.46491277,-0.01493302,0.50042814,0.11713882,-0.53033704,-0.5592307,0.39223227,0.63042045,-0.7000753,-0.265656,0.60747194,0.7356785,0.6997712,-0.44609225,-0.6044678,0.37205896,0.5493016,-0.42237517,-0.5263641,0.45523018,-0.4438556,0.4674736,0.5978435,0.709565,-0.67754257,-0.46495646,0.5734384,-0.6874644,-0.58799213,0.39786196,-0.41561133,0.6135397,0.39173818,0.55534124,-0.5374675,0.33633825,0.7656397,0.6873256,-0.5267414,0.5275234,-0.41362557,-0.42814088,-0.6240411,-0.45581752,0.2424129,-0.5553407,0.688465,-0.7890155,-0.45957807,0.076099016,0.4728902,0.19537322,-0.17722753,-0.2920545,0.49103034,0.69568986,0.37953717,-0.7212731,-0.5809054,-0.41033447,0.61444247,-0.099838555,-0.6174653,0.64351636,-0.014726502,0.71430624,-0.74603873,-0.28488004,0.4105659,-0.11121795,-0.35562712,-0.273853,0.45977902,0.38320404,0.37071055,0.41043994,-0.4154554,-0.21509823,0.19881716
0.5572099,0.5077069,0.50249296,-0.72066295,-0.6721465,0.1176663,-0.20620394,0.101357765,-0.3579642,-0.06033995,0.22967063,-0.3394737,-0.15551469,-0.06338028,-0.9,-0.9,-0.9,-0.9,-0.9,-0.9,-0.9,-0.9,-0.49354836,-0.15822583,-0.30483872,0.16548392,0.48629028,0.41806445,0.06532255,-0.21048388,-0.28481767,-0.39929965,-0.6130357,-0.078367546,0.14679536,0.0098223565,-0.65569705,0.026907384,0.47755638,-0.38652226,-0.31589836,-0.855035,-0.24012986,-0.37572154,-0.16268386,0.6121452,0.5893648,0.5084484,-0.7444797,-0.6407876,0.079375714,-0.21625061,0.08976052,-0.3233904,-0.10799763,0.2604017,-0.2974484,-0.05692437,-0.02605513,-0.92590046,-0.93054247,-0.93832767,-0.9434094,-0.9277453,-0.944869,-0.94325405,-0.88505554,-0.4993738,-0.19900502,-0.3369306,0.122206345,0.48062316,0.41766846,0.097988024,-0.1793961,-0.3920236,-0.45754948,-0.5902371,-0.102340154,0.0617213,-0.028799808,-0.506312,-0.018963149,0.4334508,-0.44538662,-0.23744667,-0.8417496,-0.38134554,-0.16599095,-0.1884257,-1.6201117,3.7196558,-0.3406018,-0.060548704,-0.114627875,-0.047084272,0.31687003,0.24722587,-0.53480697,0.41857323,0.53754544,-0.49986824,0.6885978,-0.55666035,0.4967464,0.5034612,-0.3629302,-0.7754174,0.34909415,0.6845531,-0.5798112,-0.65773237,0.64002645,-0.38965312,0.7191917,0.48128045,0.06193617,0.48943412,0.042019237,-0.5286855,-0.54266155,0.4836844,0.6207609,-0.6930282,-0.32039306,0.6044297,0.7348108,0.70053494,-0.46772122,-0.59837604,0.35709283,0.53924376,-0.41298646,-0.50938433,0.46205574,-0.48569694,0.4917267,0.59055996,0.7053181,-0.6817562,-0.46753833,0.57092667,-0.6810293,-0.5811336,0.4415136,-0.40533882,0.61558634,0.3568885,0.53199726,-0.5434945,0.3738393,0.7607135,0.6813091,-0.54571176,0.54326206,-0.4026036,-0.43042114,-0.662702,-0.4730368,0.16353516,-0.55010533,0.67688686,-0.7822826,-0.4426416,0.02152031,0.46702272,0.16363893,-0.16327734,-0.2916287,0.48685008,0.690627,0.3467982,-0.71253353,-0.5906147,-0.39422378,0.6156499,-0.056517612,-0.625994,0.63630277,-0.017128577,0.7189286,-0.7444464,-0.27188677,0.37187904,-0.110373706,-0.35759446,-0.27626422,0.46221647,0.38588336,0.37099442,0.40264544,-0.41594857,-0.21236685,0.20902255
0.5574149,0.49249956,0.50203353,-0.74327236,-0.67248785,0.10662253,-0.20628521,0.077635646,-0.317672,-0.08668554,0.23965631,-0.33157897,-0.12242646,-0.04436617,-0.9,-0.9,-0.9,-0.9,-0.9,-0.9,-0.9,-0.9,-0.4993548,-0.18,-0.32516128,0.14516124,0.4906451,0.42967734,0.08129035,-0.19741938,-0.22917314,-0.2791252,-0.35215306,-0.07561083,0.30057973,-0.041564316,-0.59752125,-0.004014033,0.3399834,-0.36482027,-0.27075896,-0.7966655,-0.28719598,-0.25335,-0.2561576,0.6251877,0.6045261,0.5037404,-0.75499755,-0.65709,0.07718521,-0.2067747,0.10689456,-0.30975798,-0.11514753,0.2783935,-0.29176503,-0.04537286,-0.012218314,-0.9195204,-0.9290821,-0.9344245,-0.94073635,-0.92159104,-0.9407208,-0.9392568,-0.8728386,-0.4836796,-0.18651883,-0.33726093,0.089051396,0.42065558,0.3777452,0.06832066,-0.1949081,-0.37687472,-0.4130292,-0.54836214,-0.11136338,0.14401664,-0.045100443,-0.49914843,-0.008620891,0.44903183,-0.37036157,-0.24967197,-0.82783085,-0.3827314,-0.11382533,-0.18062903,-1.5967286,3.7179227,-0.33437222,-0.06897992,-0.12508596,-0.075105175,0.3033861,0.25564313,-0.5328398,0.44207337,0.52715683,-0.48277903,0.68985265,-0.56284535,0.48837134,0.48946005,-0.45600316,-0.7730348,0.3702076,0.6771426,-0.58340836,-0.6515905,0.6429648,-0.39572126,0.7339486,0.49354783,0.13488871,0.47718188,-0.03339728,-0.52903736,-0.52577645,0.5491378,0.6073841,-0.68590736,-0.3643476,0.60068756,0.7334375,0.7009245,-0.48425528,-0.59262204,0.3416248,0.5315052,-0.40640336,-0.491345,0.47071403,-0.51467746,0.51493263,0.5848343,0.69988906,-0.6852592,-0.47081918,0.56802815,-0.67517304,-0.57407373,0.4774301,-0.3953774,0.6174771,0.3176761,0.5086371,-0.5522416,0.4068095,0.7560128,0.6767957,-0.5567214,0.5566607,-0.39089143,-0.42766136,-0.68657565,-0.4893969,0.07952746,-0.5442176,0.66524416,-0.7749019,-0.43004432,-0.039715808,0.4591114,0.13067959,-0.15193492,-0.29486707,0.48521927,0.68716323,0.31261986,-0.70266414,-0.59521925,-0.37817258,0.6176099,-0.013888986,-0.63420767,0.63015807,-0.019543488,0.72297746,-0.7427861,-0.26463267,0.332123,-0.10857107,-0.35949287,-0.27963972,0.46454406,0.38854805,0.3713945,0.39463732,-0.41620463,-0.20937176,0.22091286
0.55738074,0.49094468,0.501791,-0.7840621,-0.6726479,0.10515003,-0.20633939,0.10543122,-0.28798303,-0.13087818,0.28088754,-0.29210526,-0.026470562,-0.012676034,-0.9,-0.9,-0.9,-0.9,-0.9,-0.9,-0.9,-0.9,-0.5095161,-0.19306451,-0.341129,0.121935464,0.4630645,0.412258,0.055161238,-0.20903227,-0.15091723,-0.26815614,-0.32087734,-0.08219651,0.29104853,-0.016952902,-0.57091975,-0.05562097,0.3184696,-0.30178708,-0.27984533,-0.8179917,-0.33454427,-0.12720543,-0.274739,0.6335816,0.60616106,0.50942874,-0.7661029,-0.670657,0.09216763,-0.19411296,0.13153197,-0.2888278,-0.12582195,0.30138737,-0.27930504,-0.0340482,0.0053098374,-0.91456354,-0.9280464,-0.931022,-0.93910336,-0.9159298,-0.93504,-0.9343845,-0.85716504,-0.49392664,-0.21614172,-0.37342003,0.0033079116,0.29817638,0.27818882,-0.01121536,-0.2578447,-0.3762146,-0.43217057,-0.5166891,-0.16681999,0.18198875,-0.04035993,-0.48573345,-0.026768189,0.4636779,-0.29010653,-0.25984055,-0.810379,-0.412106,-0.083664015,-0.16986436,-1.5706034,3.7048087,-0.32780966,-0.07830355,-0.12714113,-0.09636552,0.29625058,0.2676521,-0.53223217,0.46033382,0.51960665,-0.4699198,0.69048655,-0.5714126,0.47836193,0.47596538,-0.52350533,-0.7700546,0.3928101,0.6703287,-0.5870658,-0.6445756,0.6438566,-0.40017968,0.74231184,0.50183785,0.19944161,0.46458116,-0.107756674,-0.5310538,-0.509739,0.5913128,0.59043765,-0.67883915,-0.3962578,0.5961555,0.73092663,0.7010231,-0.49719414,-0.58667725,0.32625806,0.5251243,-0.4013774,-0.47203955,0.47888985,-0.53306246,0.5370443,0.5803296,0.69367695,-0.68739396,-0.47614595,0.5653009,-0.67057186,-0.56729174,0.5054016,-0.3873434,0.6186831,0.2760196,0.4858219,-0.5614463,0.43417358,0.7503647,0.6738704,-0.56216246,0.5669888,-0.3788986,-0.42024127,-0.70054483,-0.50392467,-0.008280207,-0.5379899,0.65409213,-0.76686823,-0.42203176,-0.10625275,0.4506595,0.09695108,-0.14191751,-0.30083713,0.48536226,0.68430364,0.27731192,-0.6923954,-0.59668756,-0.36179692,0.62065285,0.029115018,-0.6416636,0.62527406,-0.022861453,0.7256572,-0.74059653,-0.26309764,0.2933842,-0.105870135,-0.36134204,-0.2839041,0.46671402,0.3911012,0.37190348,0.38668114,-0.4162056,-0.20622794,0.23420037
0.5571073,0.4907045,0.5018166,-0.83608764,-0.6728932,0.10387833,-0.2062851,0.17132586,-0.12808672,-0.2273371,0.3746241,-0.24473685,0.12904415,0.0,-0.9,-0.9,-0.9,-0.9,-0.9,-0.9,-0.9,-0.9,-0.65032256,-0.45435485,-0.5719355,-0.31935486,-0.02177418,-0.04645163,-0.28887096,-0.45290324,-0.25125024,-0.31920695,-0.3105691,-0.08437162,0.2057015,-0.034178425,-0.5202606,-0.11747126,0.29058665,-0.2617352,-0.3312838,-0.832118,-0.43468115,-0.046418793,-0.27304524,0.64075977,0.5994932,0.5134751,-0.78153676,-0.68878084,0.1082868,-0.18608586,0.16846856,-0.26339176,-0.13906366,0.33266395,-0.25551844,-0.009496128,0.026374323,-0.9096713,-0.924215,-0.9265701,-0.9343364,-0.9133264,-0.9302767,-0.92945194,-0.843934,-0.53741574,-0.29999816,-0.44766697,-0.1327655,0.09996597,0.09895157,-0.1508246,-0.3671768,-0.37100053,-0.4724063,-0.4939425,-0.18807445,0.16509488,-0.04801963,-0.45715788,-0.052501403,0.4797179,-0.26148516,-0.25640827,-0.7973852,-0.451418,-0.06706729,-0.14603926,-1.5403833,3.6815348,-0.32105148,-0.08827553,-0.12072807,-0.1093808,0.29342833,0.28177494,-0.53232646,0.47484407,0.5138422,-0.46257108,0.69043326,-0.5812176,0.4658636,0.462409,-0.56798023,-0.76620185,0.41640142,0.66213846,-0.5911799,-0.63671684,0.64367425,-0.40354246,0.7464097,0.50687593,0.2537623,0.4515967,-0.17997614,-0.53296643,-0.49663788,0.6161184,0.5701235,-0.671855,-0.41690886,0.59096676,0.7269114,0.70067394,-0.50677013,-0.5809064,0.31060573,0.51942885,-0.39599085,-0.45179644,0.48527017,-0.5431949,0.55698377,0.5762055,0.68744737,-0.68709075,-0.48430663,0.5618211,-0.66710275,-0.56040514,0.52606595,-0.38217324,0.61815035,0.23226494,0.4628533,-0.56888163,0.45683578,0.74218494,0.6721724,-0.5634268,0.5738461,-0.36713764,-0.40798056,-0.7078813,-0.516351,-0.09885434,-0.53200173,0.642871,-0.7581608,-0.4178561,-0.17655076,0.4418665,0.06370769,-0.13199973,-0.30964413,0.48565498,0.68124074,0.23935473,-0.6827012,-0.59680754,-0.3438238,0.624697,0.07452669,-0.6480457,0.6216506,-0.028017778,0.72707206,-0.73795295,-0.26639357,0.2572881,-0.102335654,-0.36317447,-0.28892016,0.46869415,0.3934438,0.37251204,0.3789611,-0.4159467,-0.20300724,0.2485274
0.5570391,0.49655735,0.501791,-0.87824106,-0.67305326,0.10300821,-0.2057972,0.259984,-0.0572573,-0.24560906,0.42648524,-0.15789475,0.19191179,0.06338029,-0.8869355,-0.855,-0.84774196,-0.79258066,-0.9,-0.9,-0.9,-0.9,-0.88403225,-0.8622581,-0.8637097,-0.8651613,-0.88258064,-0.881129,-0.8796774,-0.89709675,-0.48564547,-0.3949211,-0.34948862,-0.044285845,0.0167593,-0.08680664,-0.45882094,-0.15873468,0.31466207,-0.33955038,-0.39770073,-0.85164547,-0.56141967,-0.0881743,-0.21363574,0.65357345,0.5431367,0.50314224,-0.806167,-0.72880054,0.12602231,-0.1809278,0.21306723,-0.18292625,-0.18229675,0.39554295,-0.20635164,0.05589291,0.030737843,-0.9142152,-0.92335856,-0.92685634,-0.9301888,-0.9271977,-0.93320346,-0.9305654,-0.8436323,-0.69542444,-0.5569344,-0.64076096,-0.47496223,-0.41349626,-0.40268806,-0.531021,-0.6364068,-0.41511363,-0.5526382,-0.47177482,-0.27121112,-0.0093809115,-0.11077117,-0.40369877,-0.19563022,0.49023747,-0.3125543,-0.25219303,-0.79790825,-0.54693884,-0.065432556,-0.085114576,-1.5028948,3.6485085,-0.31412414,-0.09863835,-0.104633994,-0.11205321,0.29318765,0.29698566,-0.53208613,0.48774377,0.50664526,-0.45996803,0.6892517,-0.5924784,0.4505748,0.44859868,-0.59589547,-0.76180476,0.44180897,0.6508217,-0.5954388,-0.62664026,0.6431471,-0.40659398,0.74830365,0.5089474,0.2973901,0.43704373,-0.24913687,-0.53332126,-0.48730385,0.6295815,0.546071,-0.6647479,-0.42777938,0.5846997,0.72123235,0.6994362,-0.5124219,-0.5756693,0.29390743,0.5137837,-0.3888061,-0.42988515,0.489794,-0.5472604,0.5737342,0.57216066,0.6811545,-0.6835007,-0.49614725,0.5562318,-0.6648784,-0.55262035,0.5393122,-0.3806667,0.6154573,0.18694428,0.43839443,-0.5746475,0.47614866,0.73049504,0.6715902,-0.5615164,0.57710075,-0.3557902,-0.39080733,-0.7106218,-0.52691674,-0.19076768,-0.5261586,0.63184047,-0.74787873,-0.41679084,-0.24926463,0.4315226,0.0306978,-0.121293135,-0.32163525,0.48411766,0.677421,0.19556145,-0.6733361,-0.5959592,-0.32196844,0.6292932,0.1260385,-0.653043,0.61882854,-0.035799254,0.72782636,-0.7349994,-0.27519286,0.22506407,-0.09802154,-0.36502072,-0.29453456,0.47046968,0.3954874,0.37321,0.37153348,-0.4154069,-0.19973657,0.26353088
0.5596674,0.510134,0.5016889,-0.89742225,-0.67306393,0.103024945,-0.20062058,0.31821075,-0.033506114,-0.23796034,0.4599856,-0.16578947,0.16875003,0.044366203,-0.9,-0.9,-0.9,-0.8927419,-0.9,-0.9,-0.9,-0.9,-0.89419353,-0.8767742,-0.87387097,-0.8753226,-0.86080647,-0.85790324,-0.8680645,-0.88403225,-0.7568967,-0.4925326,-0.46840173,-0.17685896,-0.23692285,-0.09653367,-0.28784943,-0.25667593,0.40302947,-0.5354945,-0.21944326,-0.85765487,-0.6513516,-0.2618167,-0.110577874,0.647324,0.47488862,0.4865626,-0.81636846,-0.744446,0.13247152,-0.12195464,0.22155972,-0.10704025,-0.2225044,0.44639435,-0.15860501,0.1173886,0.00046355274,-0.9153774,-0.90107334,-0.91087025,-0.9115181,-0.93988866,-0.9382516,-0.9333823,-0.8548969,-0.8447692,-0.7958832,-0.8175504,-0.78675777,-0.8289428,-0.8389228,-0.84912527,-0.8669869,-0.5207896,-0.591771,-0.452984,-0.42098448,-0.15919527,-0.13839298,-0.37956375,-0.37268957,0.48751813,-0.43327132,-0.24068956,-0.8101656,-0.64237463,-0.13263403,-0.045736153,-1.4503874,3.597936,-0.3069347,-0.1091476,-0.06908638,-0.09721004,0.29287657,0.31278268,-0.53072345,0.49784797,0.49593014,-0.4611383,0.6840965,-0.6069286,0.4287616,0.43408996,-0.61481017,-0.75527173,0.4753784,0.63212097,-0.59974116,-0.613467,0.64128435,-0.4112727,0.7468542,0.506659,0.327176,0.41893944,-0.31779853,-0.5279264,-0.48601404,0.6298391,0.5148831,-0.65637255,-0.42690405,0.578559,0.7101148,0.69509435,-0.510568,-0.57118744,0.27747035,0.5090574,-0.37726864,-0.40684187,0.49359962,-0.54642934,0.5867502,0.5665656,0.67237073,-0.67345613,-0.5162355,0.5472439,-0.66553295,-0.54247683,0.5418546,-0.38887173,0.60807425,0.13976192,0.4098075,-0.57843477,0.49756187,0.70659846,0.67069054,-0.5563294,0.5763307,-0.34606388,-0.36408982,-0.70686454,-0.5364375,-0.28809065,-0.51865625,0.6195769,-0.7321056,-0.41661495,-0.32452527,0.4155238,-0.0006574652,-0.10893406,-0.33769172,0.47610456,0.6711394,0.13821507,-0.6634185,-0.5915955,-0.28935876,0.6348216,0.1935656,-0.65471214,0.6165918,-0.049093712,0.7279882,-0.73147905,-0.2930741,0.20087664,-0.0929479,-0.36691645,-0.30059862,0.47204825,0.39715564,0.37398735,0.36433107,-0.41453016,-0.19639145,0.2788758
0.58134145,0.52417827,0.5015485,-0.89543283,-0.669341,0.10307514,-0.13508415,0.3958465,-0.17219605,-0.19121812,0.51539004,-0.110526316,0.1654412,0.057042263,-0.9,-0.89564514,-0.8883871,-0.8753226,-0.9,-0.9,-0.9,-0.9,-0.89419353,-0.88258064,-0.8782258,-0.88403225,-0.9,-0.89564514,-0.89419353,-0.9,-0.76543164,-0.538126,-0.52183473,-0.45871267,-0.2638392,-0.1538867,-0.2604836,-0.3361846,0.494768,-0.5369228,-0.0060233297,-0.7794693,-0.5544361,-0.35493335,-0.05476647,0.62866145,0.50341284,0.497503,-0.80975604,-0.7284429,0.131349,-0.045300066,0.21588138,-0.13394883,-0.21984002,0.46240005,-0.13694693,0.122535974,0.0047476753,-0.8757593,-0.82306224,-0.8491161,-0.8533171,-0.93717545,-0.93682843,-0.92778033,-0.8628307,-0.8802628,-0.8584737,-0.86496186,-0.85920054,-0.9019791,-0.9157772,-0.9088023,-0.9156823,-0.5788851,-0.49613178,-0.450195,-0.44144502,-0.12506606,-0.13496356,-0.39176393,-0.3826755,0.49473104,-0.49855295,-0.17176132,-0.80837286,-0.61466295,-0.2517108,-0.02786158,-1.3700215,3.5235112,-0.29917783,-0.11951191,-0.008951369,-0.060713902,0.29414946,0.3281548,-0.528412,0.5031443,0.4780459,-0.46717286,0.6747158,-0.6231728,0.39630955,0.41776508,-0.62695193,-0.7435802,0.52025473,0.6021973,-0.60470456,-0.59791744,0.63585484,-0.41630542,0.7398852,0.50119865,0.348673,0.39470452,-0.385087,-0.51655614,-0.49277094,0.6173575,0.46570513,-0.646205,-0.41587254,0.5714296,0.6933927,0.68827194,-0.5025625,-0.5692296,0.25878692,0.504491,-0.36216253,-0.37809625,0.49544898,-0.540298,0.59609336,0.5591557,0.6600283,-0.6517578,-0.5447675,0.5313228,-0.66867936,-0.53228694,0.531505,-0.4041747,0.59391105,0.09149791,0.37177145,-0.5777549,0.5229709,0.6658977,0.66859734,-0.54509264,0.57116646,-0.3386398,-0.31951976,-0.6993126,-0.5456079,-0.39175385,-0.5115913,0.6020197,-0.70993304,-0.41852054,-0.39878047,0.3877605,-0.026105706,-0.09249039,-0.35427868,0.45606312,0.66303504,0.06799073,-0.6498934,-0.5809128,-0.24003085,0.64016795,0.28433144,-0.6527201,0.61317474,-0.06776542,0.72371596,-0.72709167,-0.31820688,0.1910405,-0.08702311,-0.36887622,-0.30701587,0.4734284,0.3982992,0.3748037,0.35706267,-0.41309765,-0.19290216,0.2942983
0.6470462,0.53095394,0.5014592,-0.8766771,-0.6620339,0.103024945,0.0018700471,0.34289137,-0.17728558,-0.18654391,0.52408725,-0.03947369,0.1654412,0.038028188,-0.9,-0.9,-0.9,-0.8869355,-0.9,-0.9,-0.9,-0.9,-0.89564514,-0.88403225,-0.88258064,-0.8869355,-0.9,-0.9,-0.89564514,-0.9,-0.70361286,-0.54442155,-0.5146485,-0.54155874,-0.21255535,-0.17777821,-0.3090812,-0.3616668,0.57578886,-0.5614304,0.02670536,-0.7551885,-0.49055564,-0.37733492,-0.026868815,0.66402406,0.5290537,0.52332634,-0.8133169,-0.69860065,0.12616798,0.003699852,0.24310179,-0.18697198,-0.18635516,0.4946268,-0.09111394,0.1068865,0.11045289,-0.7531349,-0.6305726,-0.7068092,-0.7160677,-0.9382947,-0.9411102,-0.92767686,-0.8836736,-0.90951335,-0.8971183,-0.89401376,-0.87702084,-0.906959,-0.9185293,-0.9112977,-0.91512936,-0.62331325,-0.4992026,-0.44187096,-0.46799153,-0.09992324,-0.18911132,-0.39449418,-0.33713436,0.50943416,-0.5075888,-0.06443553,-0.8115583,-0.5222237,-0.34246817,0.010985513,-1.2685348,3.4368088,-0.29036772,-0.12929775,0.0630988,-0.013828271,0.30430794,0.3436677,-0.52564764,0.50759315,0.44622788,-0.47599345,0.66601634,-0.63607985,0.36065534,0.40256482,-0.6325992,-0.730591,0.56559193,0.5670855,-0.6082346,-0.58236974,0.628523,-0.42003584,0.73331535,0.4981278,0.37457493,0.3612152,-0.44499817,-0.50881064,-0.49727267,0.6058832,0.4002058,-0.6366426,-0.40345412,0.5616456,0.67923933,0.6820884,-0.4959879,-0.56877494,0.2268834,0.49762416,-0.34972352,-0.33810055,0.49462864,-0.5301934,0.60424256,0.55296016,0.64647543,-0.62140036,-0.5706986,0.5109567,-0.66838413,-0.5245351,0.51489675,-0.41507968,0.57434285,0.038170982,0.31737226,-0.5756718,0.5440695,0.620586,0.667007,-0.5287274,0.5617871,-0.32926473,-0.26560727,-0.6942522,-0.5547512,-0.48405582,-0.5071228,0.5769813,-0.6893338,-0.42194432,-0.46499786,0.35327724,-0.047497276,-0.072394505,-0.36852345,0.42875507,0.6571099,-0.0015153165,-0.6330733,-0.56854934,-0.17860453,0.64283985,0.38300726,-0.6522312,0.60887504,-0.08806655,0.7151174,-0.7207615,-0.34373102,0.1884596,-0.080083676,-0.37091705,-0.3137051,0.4745382,0.39870209,0.37559226,0.34928703,-0.41081187,-0.18913613,0.30941504
0.74722403,0.5298668,0.5014592,-0.8439077,-0.6615539,0.10309187,0.08415646,0.122444026,-0.15989633,-0.20354107,0.43002856,-0.0631579,0.15551473,0.13943662,-0.4819355,-0.31790322,-0.46016127,-0.47612903,-0.9,-0.9,-0.9,-0.9,-0.89564514,-0.8869355,-0.88258064,-0.8883871,-0.9,-0.9,-0.89854836,-0.9,-0.6404053,-0.5140609,-0.49320155,-0.56226397,-0.1538021,-0.10166994,-0.3473912,-0.32518646,0.5847535,-0.62362695,0.039573096,-0.70575917,-0.40566233,-0.34361008,-0.087332025,0.7333387,0.52554137,0.5309058,-0.8188771,-0.6599644,0.121486425,0.045873232,0.2579163,-0.2261938,-0.14386691,0.52161217,-0.03972129,0.08733405,0.23638517,-0.51902014,-0.3145226,-0.47548085,-0.49804723,-0.9460325,-0.9525771,-0.9365406,-0.9165497,-0.941164,-0.93085563,-0.9231843,-0.88982815,-0.8947521,-0.9016439,-0.89855886,-0.8992281,-0.66218567,-0.5542212,-0.42033395,-0.51264954,-0.1125715,-0.29456937,-0.3867994,-0.2683205,0.5063505,-0.5212852,0.02647802,-0.80222404,-0.42374253,-0.40098205,0.025085505,-1.1545659,3.3396504,-0.28033698,-0.13825895,0.13725287,0.034576014,0.32868874,0.36070967,-0.525087,0.5167121,0.39343715,-0.48513788,0.65734583,-0.6465207,0.327554,0.39553866,-0.6371571,-0.7195246,0.6018884,0.5300136,-0.6098273,-0.5704609,0.62326,-0.4244328,0.7311058,0.5018409,0.40628076,0.31555885,-0.49752367,-0.5067563,-0.49873853,0.5997652,0.3280149,-0.6241418,-0.39077932,0.5528011,0.66864324,0.6758616,-0.49301267,-0.56701696,0.16909106,0.48905972,-0.34597343,-0.28600866,0.49092206,-0.52103794,0.6126593,0.55208737,0.6331894,-0.5853959,-0.5899148,0.48843008,-0.66149473,-0.5177607,0.49619356,-0.4199977,0.5472704,-0.025323978,0.2338255,-0.5710289,0.56595933,0.5667654,0.66395575,-0.508494,0.548381,-0.3126723,-0.21615873,-0.69016266,-0.5628152,-0.55538327,-0.5057026,0.5390315,-0.6750773,-0.42032954,-0.5224405,0.32062715,-0.067927375,-0.05269007,-0.38390952,0.39953843,0.6552105,-0.057735663,-0.61702585,-0.5606677,-0.10482928,0.6447971,0.4742375,-0.6563957,0.60893935,-0.11005117,0.7050125,-0.7110026,-0.36601707,0.18088216,-0.07218903,-0.37307608,-0.32053575,0.47534078,0.39836022,0.37633833,0.34090123,-0.40770862,-0.18494204,0.3238365
0.82139385,0.5235083,0.50136983,-0.8224619,-0.66151124,0.10337634,0.088547096,0.20822681,-0.25702167,-0.105382435,0.5041159,-0.023684215,0.07610297,0.32957748,-0.08564513,0.17854843,-0.049354844,-0.11177417,-0.9,-0.9,-0.9,-0.9,-0.89564514,-0.88548386,-0.88258064,-0.8883871,-0.9,-0.9,-0.89854836,-0.9,-0.4888774,-0.6675638,-0.23586053,-0.70935535,0.21170601,-0.39501616,-0.32532895,0.0462872,0.2998628,-0.3745411,0.34467974,-0.6575776,-0.1405286,-0.62925136,-0.18588695,0.79337347,0.52460736,0.51865405,-0.82543856,-0.623247,0.116793856,0.085641794,0.27237144,-0.2714526,-0.07951325,0.53341776,-0.040844206,0.0396656,0.32471642,-0.23797552,-0.038320106,-0.2357371,-0.3147672,-0.9477398,-0.95399135,-0.93880063,-0.927314,-0.95034945,-0.93913317,-0.9325669,-0.8905143,-0.86818486,-0.8632056,-0.8679412,-0.8612283,-0.6529475,-0.58525145,-0.39844066,-0.5818733,-0.073990375,-0.39571884,-0.3595928,-0.23567691,0.48569566,-0.45799872,0.13250104,-0.7763565,-0.35885248,-0.4340756,0.018356899,-1.0330001,3.2251754,-0.26920402,-0.14648733,0.20584966,0.076691456,0.36752278,0.37878504,-0.528687,0.5308441,0.31575286,-0.49205983,0.64684486,-0.6553216,0.2968818,0.39908513,-0.64415866,-0.7098124,0.62675756,0.4911428,-0.6092648,-0.5637697,0.6205243,-0.42887414,0.73219305,0.5130703,0.4429969,0.2570803,-0.5435339,-0.50770056,-0.4971199,0.5967793,0.25646263,-0.6078865,-0.37807843,0.5479861,0.66056806,0.66806126,-0.49337837,-0.56319803,0.0818319,0.48121342,-0.35317,-0.22230065,0.48515797,-0.5143718,0.6201641,0.55555564,0.6198075,-0.54601896,-0.60302854,0.4655187,-0.6498316,-0.5105999,0.47793427,-0.41848764,0.51278377,-0.10078354,0.11400185,-0.5617473,0.5924744,0.49567005,0.65704733,-0.48645645,0.5321935,-0.2865777,-0.17869118,-0.6857316,-0.57143927,-0.606438,-0.50736904,0.4856742,-0.6661439,-0.4100676,-0.5701099,0.2931349,-0.09098964,-0.03616811,-0.39884883,0.37061813,0.65647995,-0.09299541,-0.60116535,-0.5581037,-0.020043073,0.64593726,0.5480533,-0.6634309,0.61436063,-0.13585107,0.6945411,-0.69834167,-0.38236284,0.16065201,-0.06357317,-0.37537706,-0.3274324,0.47587562,0.3974503,0.37708545,0.33198315,-0.4040338,-0.18024243,0.33750594
0.83299845,0.51307935,0.5013188,-0.81903356,-0.6614579,0.10357713,0.08418345,0.30527157,-0.2871348,-0.059915002,0.5282748,-0.031578958,0.029779445,0.3485916,-0.05370968,0.1887097,-0.03629034,-0.13209678,-0.9,-0.9,-0.9,-0.9,-0.89564514,-0.88548386,-0.8869355,-0.8883871,-0.89564514,-0.881129,-0.88548386,-0.88548386,-0.6171391,-0.56202734,-0.5148929,-0.85463744,-0.015504616,-0.82194567,-0.22341573,-0.2583326,0.2102073,-0.26465076,0.29771823,-0.799124,-0.47463295,-0.71628493,-0.24324384,0.83106035,0.5358098,0.51020354,-0.8356115,-0.62845206,0.097312495,0.11736646,0.32993335,-0.3348004,-0.0011194716,0.5457523,-0.075729586,-0.03700124,0.41143796,0.034234162,0.07936344,-0.07605011,-0.26859623,-0.9400851,-0.9385046,-0.9292988,-0.9077267,-0.9379708,-0.9224571,-0.922398,-0.87698126,-0.79443806,-0.73708415,-0.7653389,-0.74470186,-0.5700469,-0.6130128,-0.43208855,-0.6840095,-0.06344373,-0.5248331,-0.3472625,-0.24159901,0.44219467,-0.23208626,0.19190662,-0.7286253,-0.33506313,-0.45128125,-0.0029731155,-0.9126598,3.092569,-0.2571215,-0.15426768,0.26342458,0.1064556,0.41268024,0.3992982,-0.5326877,0.54926884,0.21245803,-0.4954523,0.63426715,-0.66123915,0.27156132,0.4092671,-0.65312123,-0.70247006,0.6410105,0.44695956,-0.6028982,-0.5618203,0.6222308,-0.43458292,0.73502195,0.53271693,0.4838777,0.18388958,-0.58102804,-0.511714,-0.4904883,0.5984317,0.19338731,-0.5903619,-0.36746433,0.54501843,0.6557484,0.6590977,-0.49731788,-0.5601259,-0.03138348,0.4743674,-0.36533746,-0.14921875,0.47927433,-0.5095239,0.6266717,0.5596667,0.60971075,-0.5072233,-0.61107916,0.44672933,-0.6359787,-0.5022176,0.46241677,-0.4106464,0.47362226,-0.18786061,-0.04242505,-0.5501894,0.61690277,0.4024852,0.64881057,-0.4645836,0.5161889,-0.24988087,-0.16201463,-0.68120724,-0.58361316,-0.64049953,-0.51018655,0.41880307,-0.66023654,-0.39063567,-0.6089856,0.2714532,-0.12086212,-0.01857375,-0.4096026,0.34332407,0.6563988,-0.10793364,-0.5869426,-0.55981994,0.0694582,0.64624,0.6025228,-0.6741532,0.6233044,-0.16549262,0.6860032,-0.6847889,-0.38829392,0.123340316,-0.054481626,-0.3777937,-0.33443144,0.47619304,0.39623082,0.3778961,0.32256576,-0.40006307,-0.17499593,0.35063562
0.8319063,0.4911596,0.5012422,-0.8274667,-0.6613085,0.103794664,0.08358708,0.26549518,-0.4351555,-0.023371113,0.44967782,-0.0631579,-0.013235265,0.30422536,0.034838703,0.14806451,-0.06532257,-0.29612905,-0.9,-0.9,-0.9,-0.9,-0.89709675,-0.8883871,-0.88548386,-0.89419353,-0.8375806,-0.77516127,-0.7998387,-0.7882258,-0.24710934,-0.7224569,-0.01787145,-0.4646472,-0.39645183,-0.83250797,-0.24023011,-0.23830348,0.18305036,-0.34233013,0.053732693,-0.70266074,-0.5127469,0.055471193,0.024136234,0.8437507,0.490393,0.49482256,-0.82728845,-0.6523886,0.106976375,0.12182373,0.33899978,-0.3371688,0.03013074,0.5386903,-0.072086565,-0.067010306,0.4464008,0.1369068,0.046771307,-0.08446185,-0.36115557,-0.93812233,-0.9333648,-0.9286658,-0.9075101,-0.94273597,-0.9232514,-0.92698115,-0.88375634,-0.65300745,-0.49303436,-0.5873228,-0.55517185,-0.51035905,-0.58921236,-0.3763311,-0.7142113,-0.16059114,-0.67996913,-0.361526,-0.24800394,0.3526159,-0.22339423,0.12604287,-0.64961815,-0.3228884,-0.37481993,-0.05825103,-0.8103415,2.942522,-0.24420081,-0.16200712,0.30472338,0.111475594,0.45501074,0.4184559,-0.53340733,0.56939083,0.08467143,-0.49788085,0.6194584,-0.66233206,0.2527861,0.42037484,-0.6607548,-0.69841355,0.643941,0.39670298,-0.5881089,-0.5653561,0.62968326,-0.44337842,0.737016,0.558889,0.52522993,0.10184248,-0.6094409,-0.5183347,-0.47851342,0.60532564,0.1498425,-0.572278,-0.3612969,0.540954,0.65306467,0.6492748,-0.5042185,-0.5576354,-0.16360712,0.4656163,-0.37629458,-0.06941074,0.4747663,-0.5045073,0.6337546,0.5598069,0.60506135,-0.47397834,-0.6134545,0.44052973,-0.62093204,-0.49252424,0.45305192,-0.39674613,0.43190497,-0.28228778,-0.22429605,-0.5398335,0.63174266,0.2853632,0.64052695,-0.44570124,0.5017077,-0.19832903,-0.1764584,-0.6753177,-0.5996659,-0.65831524,-0.51094,0.3406219,-0.657023,-0.36309788,-0.6396461,0.26186237,-0.16193128,0.0014763129,-0.4157906,0.3213711,0.6514157,-0.109121434,-0.57816136,-0.56895435,0.15492673,0.6465638,0.63589853,-0.68854684,0.6351083,-0.19743598,0.6817235,-0.6712451,-0.3792678,0.066933796,-0.04514802,-0.38028306,-0.34161013,0.4763144,0.39501718,0.3788904,0.31260306,-0.39605868,-0.16912538,0.36363816
0.83166724,0.4422383,0.501255,-0.8400665,-0.6609459,0.104028925,0.08391256,0.28322676,-0.31555137,-0.047592074,0.4599856,-0.055263165,-0.05624997,0.24084508,0.17274193,-0.039193563,-0.16838713,-0.5864516,-0.9,-0.9,-0.9,-0.9,-0.89564514,-0.8883871,-0.8883871,-0.89419353,-0.46306452,-0.18,-0.39048386,-0.3585484,-0.2129601,-0.31346795,-0.14357549,-0.31354353,-0.32024482,-0.9,-0.4910088,-0.19786586,0.51308805,-0.114458874,-0.25536063,-0.41212028,-0.4315215,-0.057500124,0.13142428,0.83933616,0.39988342,0.51147306,-0.8008221,-0.67087764,0.11273007,0.1118735,0.31238756,-0.28140312,0.0151357865,0.5157277,-0.035937786,-0.060725313,0.4366747,0.1154008,-0.06800155,-0.19957839,-0.51224047,-0.94450265,-0.94458383,-0.93930423,-0.9242649,-0.9580682,-0.93716854,-0.93957746,-0.90023404,-0.5031184,-0.23375362,-0.43326494,-0.40059626,-0.51491046,-0.55626464,-0.19529633,-0.7114307,-0.26781374,-0.7777852,-0.36763614,-0.1203512,0.20847443,-0.3050733,-0.008607298,-0.59312797,-0.37656203,-0.21480423,-0.11230062,-0.7264275,2.7674325,-0.23056728,-0.17018771,0.32754815,0.08397913,0.4870472,0.43321776,-0.5363177,0.5897825,-0.06228878,-0.4984725,0.60488474,-0.6592909,0.23433363,0.43203193,-0.66708654,-0.69363475,0.63633865,0.33967286,-0.5684005,-0.57073927,0.63971806,-0.45059183,0.73907787,0.5859014,0.56273246,0.024327477,-0.6313265,-0.51684,-0.4587849,0.6143371,0.13742884,-0.5571544,-0.36423668,0.54042715,0.65182775,0.6381142,-0.5072687,-0.55104667,-0.2955148,0.45729962,-0.38706368,0.015325036,0.472938,-0.49636123,0.6382214,0.5508109,0.5989013,-0.44920686,-0.61182004,0.4438925,-0.60832006,-0.47584844,0.453396,-0.37725598,0.3905421,-0.3782157,-0.40400198,-0.52929926,0.6420033,0.13692267,0.628991,-0.43327826,0.4903393,-0.13235255,-0.21442077,-0.6700778,-0.621361,-0.6658422,-0.51014674,0.25119907,-0.6504255,-0.32962054,-0.66029495,0.26079196,-0.21629465,0.02049084,-0.4184749,0.30858794,0.6413799,-0.096805476,-0.56996495,-0.58007073,0.22869585,0.64311785,0.65026873,-0.6998878,0.64585143,-0.23163594,0.6793875,-0.6586838,-0.3585795,-0.0077954107,-0.035804514,-0.38274255,-0.34900337,0.4763035,0.39418972,0.3802267,0.30207232,-0.39227661,-0.16250716,0.37701496
0.83149666,0.38588402,0.50122947,-0.84373254,-0.6605405,0.10404565,0.083858386,0.23602223,-0.41479737,-0.01954674,0.43421608,-0.0631579,-0.05624996,0.23450708,0.27725813,-0.11903228,-0.17274195,-0.59225804,-0.9,-0.9,-0.9,-0.9,-0.89854836,-0.8883871,-0.8883871,-0.89854836,-0.22064517,0.21483871,-0.10161289,-0.08564513,-0.60997725,0.083163716,-0.32718697,-0.468289,-0.6015044,-0.9,-0.5378279,-0.21531051,0.2375317,-0.18532197,-0.40208519,-0.14887826,-0.5178308,-0.5510288,-0.043298632,0.8427113,0.35781363,0.50778484,-0.7898498,-0.6925106,0.0998208,0.10901514,0.28717786,-0.22293128,-0.032718316,0.50278586,0.008365409,-0.031014992,0.3973986,0.14687018,-0.06544865,-0.18520054,-0.5268181,-0.9450384,-0.9481805,-0.94210356,-0.93353003,-0.95396006,-0.9285465,-0.9321291,-0.8942427,-0.40210044,-0.068744205,-0.32198068,-0.2891143,-0.47836703,-0.42117694,-0.13272339,-0.67100835,-0.34454298,-0.8446882,-0.3602043,-0.08558874,0.16890882,-0.29209322,-0.068622634,-0.47620457,-0.4125292,-0.15306622,-0.12814936,-0.65452003,2.5754302,-0.21605338,-0.17915137,0.33443502,0.03129454,0.51132166,0.44529146,-0.544962,0.6084141,-0.21145587,-0.49542734,0.5915573,-0.6542272,0.20973335,0.44618055,-0.67142767,-0.68399584,0.6227726,0.27837616,-0.5484494,-0.57492876,0.64626074,-0.45334584,0.7390446,0.60920733,0.58941644,-0.041824166,-0.6481534,-0.5071465,-0.43018866,0.62046266,0.15275705,-0.54561627,-0.37361124,0.5450484,0.64866465,0.62672275,-0.50732976,-0.5406938,-0.40777352,0.4543613,-0.3983592,0.09897939,0.4732381,-0.48709178,0.63929105,0.5362883,0.5845095,-0.4369324,-0.6104269,0.44847786,-0.5992779,-0.45411748,0.46292102,-0.35246804,0.351851,-0.46522385,-0.5471197,-0.516364,0.6530552,-0.043810073,0.613809,-0.4251853,0.48137015,-0.057677835,-0.2642358,-0.6657713,-0.6441151,-0.6690112,-0.5088745,0.15352024,-0.6366482,-0.29431278,-0.67166,0.26230234,-0.27903932,0.03452636,-0.42073402,0.30776048,0.6297648,-0.07046244,-0.55749387,-0.5871208,0.28517973,0.63544804,0.6525403,-0.7058405,0.6510462,-0.26711625,0.67737573,-0.6485972,-0.3354311,-0.09256737,-0.026428534,-0.38486367,-0.35669357,0.47631052,0.39407268,0.38198143,0.29071242,-0.3888734,-0.15503056,0.3910907
0.8315308,0.32696354,0.5014847,-0.84404534,-0.66016716,0.103560396,0.084237725,0.16725226,0.03562677,-0.22648725,0.4377594,0.03947368,0.07941179,0.20281693,0.28306457,-0.11032258,-0.16548388,-0.5879032,-0.9,-0.9,-0.9,-0.9,-0.89854836,-0.8883871,-0.8898387,-0.9,-0.25258067,0.17999999,-0.13935485,-0.11177419,-0.75029236,0.2583244,-0.097585954,-0.7250534,-0.46184024,-0.9,-0.21510501,0.101936065,-0.22964574,-0.28422022,0.12289989,-0.07716152,-0.3483246,-0.40875202,-0.41141826,0.8470009,0.33414626,0.47834793,-0.7843617,-0.7199096,0.09187935,0.111795336,0.25516623,-0.18420276,-0.07435511,0.48848522,0.030869747,-0.014789275,0.34845003,0.21230498,0.007243842,-0.086642146,-0.47204503,-0.94699925,-0.95270985,-0.94726354,-0.94615215,-0.9453806,-0.9176884,-0.9203012,-0.891451,-0.35189375,-0.000118374825,-0.25791904,-0.22809231,-0.433624,-0.11881956,-0.0920406,-0.583901,-0.41594678,-0.8799513,-0.32646042,-0.09958007,0.07943217,-0.28076354,-0.07799763,-0.31747243,-0.43242335,-0.16621408,-0.17525204,-0.58469313,2.3807847,-0.200421,-0.18879396,0.32654145,-0.035881635,0.53316104,0.45481193,-0.55416465,0.6239902,-0.3504634,-0.49232417,0.5814201,-0.65215987,0.18489577,0.45893618,-0.6721483,-0.6739818,0.6105369,0.21943459,-0.53137565,-0.57380074,0.6460747,-0.45195,0.7362198,0.62891465,0.604044,-0.09363537,-0.6577356,-0.49394178,-0.38933527,0.6265989,0.18153617,-0.5389373,-0.3851934,0.5507776,0.64493215,0.6149438,-0.5047849,-0.53185123,-0.49253482,0.4576001,-0.41242412,0.18444124,0.48028663,-0.47719753,0.64041376,0.5207478,0.56142926,-0.43091008,-0.608625,0.45521164,-0.58994615,-0.42704076,0.47447604,-0.32529798,0.31980196,-0.53467834,-0.6404655,-0.5066663,0.65766513,-0.24134685,0.59697163,-0.41295493,0.47437388,0.024656579,-0.31324795,-0.66160303,-0.66289455,-0.66683227,-0.50913656,0.049606595,-0.6162376,-0.26060498,-0.68096983,0.27119836,-0.34433115,0.03992339,-0.42821094,0.31689605,0.61749357,-0.034153778,-0.53947335,-0.5917065,0.32283905,0.62805885,0.6466953,-0.7111382,0.6522431,-0.30132845,0.67423326,-0.6374621,-0.31379485,-0.17838824,-0.016800908,-0.38633558,-0.36460862,0.47647816,0.39470506,0.38405877,0.27832937,-0.38585287,-0.14666454,0.40573877
0.8312238,0.26838443,0.5015358,-0.8409799,-0.6593884,0.10330941,0.08721903,0.2494407,0.044957597,-0.25410765,0.50540435,0.055263165,0.14227943,0.10140845,0.18725808,-0.08999997,-0.1872581,-0.60096776,-0.9,-0.9,-0.9,-0.9,-0.9,-0.8883871,-0.8898387,-0.89564514,-0.4833871,-0.20322582,-0.40935484,-0.38322583,-0.80244863,0.09397817,0.42583084,-0.49774393,-0.3695582,-0.9,-0.14697342,0.11133549,-0.27416876,-0.42450872,-0.14593986,-0.034430604,-0.35873568,0.1875539,-0.4652038,0.8478678,0.24060366,0.4753807,-0.7731965,-0.7184886,0.114766546,0.12456751,0.18268532,-0.07988276,-0.1598182,0.46129602,0.037117075,0.026007317,0.2643473,0.20618811,-0.025573347,-0.10705167,-0.49471754,-0.9463783,-0.9519256,-0.95030487,-0.9427391,-0.93073446,-0.90729123,-0.9075838,-0.89620394,-0.41682056,-0.07045947,-0.31524757,-0.28670138,-0.44112566,0.057712827,0.015150609,-0.487543,-0.43965468,-0.9008333,-0.30588531,-0.07104252,-0.053889114,-0.19752347,-0.16229764,-0.217338,-0.4709785,-0.09667881,-0.22184804,-0.5161661,2.1872532,-0.1834717,-0.19880117,0.3046647,-0.11288628,0.55006844,0.45970404,-0.56273174,0.636004,-0.46820563,-0.4870171,0.57333624,-0.65181094,0.16094658,0.4678311,-0.669269,-0.66314185,0.6005829,0.16169772,-0.5161698,-0.5677514,0.64033365,-0.44548342,0.7300783,0.6447569,0.6108809,-0.13203564,-0.6601886,-0.47526655,-0.33911112,0.63194674,0.21966656,-0.537161,-0.3992091,0.55645746,0.6417298,0.60065,-0.49821895,-0.5262844,-0.5499526,0.46533892,-0.4293417,0.2700442,0.4936214,-0.46554112,0.63969785,0.50400436,0.5309116,-0.42185426,-0.6055504,0.46191883,-0.5789526,-0.39356482,0.48472592,-0.29452828,0.29248324,-0.5863016,-0.6944461,-0.5001179,0.6567009,-0.43284574,0.57864577,-0.39239198,0.46983713,0.11067358,-0.35456908,-0.6572777,-0.67900765,-0.6610845,-0.51163095,-0.061179265,-0.5902458,-0.22842614,-0.68749416,0.28643,-0.4047786,0.037224237,-0.44073862,0.33075526,0.604375,0.007838501,-0.51399356,-0.59515566,0.3421618,0.6196255,0.63605386,-0.7141066,0.65208524,-0.3329146,0.6702254,-0.6258918,-0.28916174,-0.2602995,-0.006765213,-0.38707298,-0.3725398,0.4769751,0.39596772,0.386395,0.2648995,-0.3832236,-0.13735951,0.42041796
0.83142847,0.21281388,0.50159955,-0.800503,-0.65100396,0.10312534,0.09282948,0.22164528,-0.047502358,-0.23711048,0.5092698,0.055263158,0.18860297,0.050704233,-0.35129032,-0.27435485,-0.42096773,-0.5530645,-0.9,-0.9,-0.9,-0.9,-0.89854836,-0.8883871,-0.8883871,-0.8869355,-0.81580645,-0.7853226,-0.8129032,-0.8346774,-0.581491,0.12986591,0.47276208,-0.28194872,-0.2178916,-0.7065131,-0.33263186,-0.05538075,-0.23696512,-0.53205925,-0.46970516,-0.30143985,-0.41368127,0.30275574,-0.44709936,0.82619286,0.10042166,0.5083547,-0.7243857,-0.694808,0.17938215,0.10126104,0.04458671,0.08557895,-0.28651056,0.40587518,0.04835693,0.1034627,0.10333536,-0.031500377,-0.16387112,-0.27940246,-0.58529663,-0.949847,-0.95684886,-0.9568111,-0.93600106,-0.9095513,-0.89344865,-0.8921659,-0.90005946,-0.64308363,-0.43756357,-0.59218526,-0.56332576,-0.50179577,0.10230051,0.17456543,-0.3875457,-0.42140236,-0.89981586,-0.29965267,-0.044314116,-0.20608635,-0.18707773,-0.28424722,-0.2382032,-0.56687623,-0.0018236908,-0.27007222,-0.44456935,1.9958445,-0.16501454,-0.20873217,0.2728658,-0.18982713,0.56598336,0.4616826,-0.5703031,0.6443593,-0.55144453,-0.47909212,0.56750363,-0.65307295,0.13605568,0.47653455,-0.66442704,-0.6454304,0.5966294,0.104593106,-0.50494045,-0.5586062,0.62838167,-0.43520105,0.71802443,0.6559165,0.60789573,-0.15692133,-0.6565851,-0.45396218,-0.279201,0.6308527,0.25966176,-0.53812116,-0.4074836,0.5598777,0.6334012,0.5834089,-0.491482,-0.51985484,-0.5826978,0.47623888,-0.44677153,0.35107288,0.51167387,-0.45268998,0.63548476,0.48506185,0.48760372,-0.41032514,-0.6031828,0.46193507,-0.5675901,-0.35620502,0.49316072,-0.25862846,0.2726444,-0.62043065,-0.72154874,-0.49001235,0.65392804,-0.59482783,0.5561212,-0.3606067,0.46113265,0.1909233,-0.38201666,-0.64829654,-0.6906263,-0.65527433,-0.5124527,-0.17820571,-0.55841607,-0.20388883,-0.69323504,0.3057154,-0.45430684,0.026608609,-0.45411023,0.34823564,0.5897963,0.052771576,-0.4768625,-0.596699,0.34736878,0.6113126,0.6225955,-0.7135419,0.6491243,-0.36209822,0.6651168,-0.61266726,-0.26751047,-0.32896096,0.0037882943,-0.3870083,-0.38029432,0.4777989,0.39773065,0.38892728,0.2503917,-0.38098505,-0.12705518,0.4344796
0.8323844,0.15477832,0.50171447,-0.7045598,-0.6104789,0.10304168,0.09388656,-0.032827575,0.14929312,-0.34929177,0.3295275,0.055263165,0.19522062,-0.04436618,-0.4514516,-0.33387098,-0.4746774,-0.5472581,-0.9,-0.9,-0.9,-0.9,-0.9,-0.8869355,-0.8883871,-0.8883871,-0.86080647,-0.8419355,-0.85645163,-0.8637097,-0.29667088,0.12645961,0.21800126,-0.10769589,-0.25203297,-0.6799932,-0.39380744,-0.09002969,-0.3325972,-0.46346495,-0.5228227,-0.42422622,-0.54734474,0.2618632,-0.5137588,0.79698867,0.008505121,0.5416058,-0.66889477,-0.6331343,0.17763595,0.065133646,-0.082660235,0.25629047,-0.40778348,0.36117694,0.08925344,0.1922376,-0.042179056,-0.42972425,-0.40615833,-0.53040713,-0.6695993,-0.9565497,-0.9649144,-0.9612883,-0.9364344,-0.91437066,-0.90730906,-0.90107197,-0.91199213,-0.82046604,-0.7643954,-0.81308264,-0.79460573,-0.5845434,0.03583083,0.16490972,-0.3468087,-0.3882836,-0.88890743,-0.30194834,-0.008927644,-0.2680166,-0.3002709,-0.2813643,-0.38434085,-0.6045897,-0.069784805,-0.30492514,-0.360072,1.8083849,-0.14498185,-0.2179164,0.2369506,-0.2506688,0.58477706,0.46116313,-0.5752842,0.64663875,-0.59589124,-0.46988025,0.5628949,-0.6594408,0.104455,0.49059808,-0.6576931,-0.6150011,0.60390925,0.049407236,-0.5026262,-0.54288054,0.608029,-0.42284867,0.697688,0.65776324,0.59291494,-0.1700114,-0.65033287,-0.43448144,-0.21057655,0.61801463,0.2898359,-0.53948104,-0.40387216,0.56143373,0.61776155,0.56406,-0.48727366,-0.5096523,-0.5927454,0.49035355,-0.46417734,0.41843528,0.5307335,-0.44032422,0.6264886,0.46432608,0.42170525,-0.39708102,-0.60353744,0.44816774,-0.5624408,-0.32220158,0.49482682,-0.21756482,0.2672772,-0.6367706,-0.7291329,-0.4695853,0.65340513,-0.7080842,0.528145,-0.31387478,0.44291732,0.25323796,-0.38612425,-0.63262415,-0.6953167,-0.6526906,-0.5127983,-0.28933647,-0.5181304,-0.19543941,-0.699124,0.32084143,-0.48865855,0.008182783,-0.46158516,0.3644115,0.57618123,0.10076864,-0.42018905,-0.58978987,0.3423281,0.6022853,0.6110227,-0.7064789,0.6409027,-0.3898468,0.65751326,-0.5986112,-0.26133665,-0.37127385,0.014932748,-0.38611534,-0.38763627,0.47876823,0.39974678,0.39148235,0.23487999,-0.37906742,-0.115753084,0.44717655
0.82555777,0.08075168,0.50174,-0.6043748,-0.56837505,0.10310861,0.09450991,-0.29065505,0.19255419,-0.41005665,0.15719391,3.8996935e-09,0.1786765,-0.15211268,-0.7998387,-0.76064515,-0.7795161,-0.7853226,-0.9,-0.9,-0.9,-0.9,-0.9,-0.8883871,-0.8898387,-0.8883871,-0.84774196,-0.836129,-0.85645163,-0.8680645,-0.18716809,-0.009096819,0.031790614,-0.022482384,-0.45208603,-0.8109721,-0.27083084,-0.117573395,-0.3162745,-0.16033725,-0.30088022,-0.4625751,-0.7187085,0.24003454,-0.39994943,0.7713672,-0.027729996,0.5546698,-0.62833357,-0.5401151,0.121198475,0.043429065,-0.14504138,0.38517728,-0.48448735,0.3329815,0.1407612,0.24076091,-0.10519177,-0.71886224,-0.65485525,-0.73133826,-0.75699896,-0.9597027,-0.9683448,-0.96011317,-0.9375421,-0.91800404,-0.9133543,-0.90490425,-0.9110528,-0.87628686,-0.86129296,-0.87746716,-0.86614496,-0.5591177,-0.086089924,0.048673797,-0.3139736,-0.3141337,-0.8932815,-0.28386506,0.04597774,-0.20951068,-0.3219249,-0.14808553,-0.4653784,-0.55779064,-0.16350485,-0.28974295,-0.2672915,1.6344097,-0.123395436,-0.22559844,0.2031963,-0.29012933,0.6027363,0.46026292,-0.57720524,0.64024335,-0.605766,-0.46216676,0.5562854,-0.6707787,0.06441302,0.51106197,-0.6485875,-0.5733757,0.6188639,0.0037161314,-0.51317835,-0.519237,0.58376753,-0.4126321,0.67353743,0.64814854,0.5619174,-0.16693486,-0.645057,-0.41871965,-0.1369678,0.59451497,0.31020764,-0.5435881,-0.39471793,0.56556576,0.5982684,0.5459719,-0.48227352,-0.4973832,-0.5865903,0.5094134,-0.4786495,0.46303296,0.54497075,-0.4288393,0.6145718,0.4423037,0.32909396,-0.38433787,-0.6069349,0.4220263,-0.5632553,-0.29669714,0.48797673,-0.18013285,0.2781795,-0.63809943,-0.7202272,-0.44299167,0.6538802,-0.7642968,0.49954528,-0.25458813,0.41981152,0.29757988,-0.36687484,-0.6141918,-0.69089884,-0.64747006,-0.5122685,-0.38041055,-0.47109047,-0.20483007,-0.69975907,0.327787,-0.5085637,-0.017818013,-0.4638146,0.38074523,0.56498194,0.1535246,-0.34934893,-0.56747603,0.3199588,0.59260875,0.60281736,-0.6921788,0.6277705,-0.41479933,0.6490429,-0.58522356,-0.27651063,-0.3809531,0.02677011,-0.3845171,-0.39435488,0.47963792,0.40168273,0.39380065,0.21854782,-0.37726724,-0.103538886,0.45771378
0.78405285,0.0107196625,0.501791,-0.5645862,-0.55955315,0.10300821,0.0942659,-0.25327486,0.18788879,-0.38498583,0.20067996,-0.015789473,0.20183825,-0.1394366,-0.9,-0.9,-0.8912903,-0.8869355,-0.9,-0.9,-0.9,-0.9,-0.89854836,-0.8883871,-0.8927419,-0.89419353,-0.9,-0.8912903,-0.8912903,-0.89709675,-0.3113499,-0.17196184,0.04600965,-0.23283109,-0.4491986,-0.9,-0.1379429,-0.08324214,-0.376226,-0.032361604,0.15276596,-0.57249534,-0.71815056,-0.262496,-0.20842099,0.7678511,-0.055828363,0.5185687,-0.6254445,-0.47872844,0.07377284,0.05982917,-0.14324026,0.42693877,-0.49862394,0.30950385,0.14790528,0.24711694,-0.10912626,-0.88153404,-0.8375053,-0.8660593,-0.8534632,-0.9639971,-0.97157735,-0.9615787,-0.9390962,-0.9210162,-0.9112881,-0.90639204,-0.9081649,-0.90761477,-0.9042903,-0.908548,-0.9026848,-0.45761922,-0.26781726,-0.08069433,-0.33471513,-0.3193945,-0.9014395,-0.2627754,0.043795142,-0.12730494,-0.2674297,-0.061988972,-0.5097182,-0.56649613,-0.16368718,-0.25123456,-0.16781513,1.4791387,-0.10041948,-0.23134206,0.17388995,-0.31458318,0.6169681,0.46275648,-0.577696,0.62815577,-0.5926451,-0.46169066,0.5495833,-0.684726,0.021061655,0.5364323,-0.6375687,-0.52979016,0.6328339,-0.022722296,-0.53299606,-0.4896459,0.56244326,-0.40555996,0.65247196,0.6301543,0.5123904,-0.1453519,-0.6384595,-0.40930378,-0.054455515,0.569366,0.32521415,-0.5546212,-0.38427043,0.5729007,0.58009094,0.5310238,-0.47411627,-0.4839305,-0.5721487,0.5324121,-0.49233973,0.490269,0.5515563,-0.41857058,0.6032031,0.42195275,0.2114681,-0.37783986,-0.60910404,0.39302328,-0.56597877,-0.27434382,0.47595745,-0.15425539,0.30695483,-0.6311303,-0.70003533,-0.4226744,0.6493063,-0.78102964,0.47808114,-0.18563658,0.39557073,0.3314095,-0.33198214,-0.5980412,-0.6806,-0.6347904,-0.5089282,-0.44788533,-0.41662946,-0.22680704,-0.69514,0.33243972,-0.5193586,-0.047326595,-0.46675906,0.4013587,0.5581293,0.21038598,-0.27007023,-0.53197694,0.27517837,0.5832719,0.59431386,-0.6760609,0.6143402,-0.43502483,0.64206576,-0.5688697,-0.31093928,-0.3644358,0.039403364,-0.3823665,-0.4002668,0.4803269,0.40333337,0.39565948,0.2017142,-0.375515,-0.09055254,0.46556368
0.7043884,-0.037872966,0.50190586,-0.57440823,-0.55957454,0.10295801,0.092531405,-0.3263579,0.446607,-0.5124646,0.15365061,0.023684211,0.22500002,-0.15211268,-0.9,-0.9,-0.9,-0.89854836,-0.9,-0.9,-0.9,-0.9,-0.9,-0.89709675,-0.89419353,-0.89564514,-0.9,-0.89564514,-0.89419353,-0.89709675,-0.21251544,-0.03630445,-0.5107172,-0.2749878,-0.3279919,-0.9,-0.36895353,-0.07981927,0.39858162,0.1977405,0.19054306,-0.26154906,-0.4164511,-0.53061354,0.0675775,0.75743204,-0.043496925,0.47868997,-0.64777946,-0.48342696,0.045871884,0.08109797,-0.095789604,0.4108641,-0.48532024,0.31472597,0.11985954,0.24046779,-0.10094943,-0.93368953,-0.90629286,-0.91357636,-0.8957083,-0.963311,-0.9690277,-0.9590894,-0.92917687,-0.912586,-0.89895326,-0.8993918,-0.90319186,-0.9241205,-0.9245245,-0.92457515,-0.920606,-0.35516208,-0.42336547,-0.19756825,-0.43683428,-0.3380272,-0.90151566,-0.27027553,-0.06544398,-0.041261822,-0.20686528,0.0023681961,-0.55643237,-0.59320486,-0.19957705,-0.19751182,-0.061491493,1.341605,-0.076244384,-0.23519921,0.14970449,-0.32645318,0.6280298,0.46416348,-0.5759199,0.61174387,-0.5622266,-0.47187355,0.54593396,-0.7010884,-0.028447414,0.56561035,-0.6261386,-0.4868155,0.6431695,-0.02701138,-0.5604733,-0.4568934,0.5457083,-0.39883396,0.6336765,0.6034663,0.44161588,-0.100567594,-0.6302044,-0.40573776,0.03383431,0.5439002,0.33455855,-0.570084,-0.37030607,0.5789923,0.56561065,0.51995146,-0.4635187,-0.46915886,-0.5510122,0.5578296,-0.5059417,0.5051103,0.5487739,-0.40790373,0.5918195,0.40660447,0.06896967,-0.3818237,-0.6083085,0.36892545,-0.57307976,-0.25436118,0.46132267,-0.14162563,0.35679793,-0.61774427,-0.6711933,-0.41337797,0.64054096,-0.7769463,0.46401975,-0.1089499,0.37022707,0.3563325,-0.28430194,-0.5852511,-0.6685762,-0.61786723,-0.5038792,-0.48847437,-0.35506827,-0.25473145,-0.68806326,0.33508,-0.5226753,-0.07714267,-0.4693073,0.42687726,0.5566542,0.2688981,-0.1835958,-0.48600137,0.21013755,0.5749342,0.5819315,-0.6596044,0.6046641,-0.44828555,0.6395444,-0.54945177,-0.36031947,-0.32418367,0.052876282,-0.3798879,-0.40528825,0.48097262,0.40462953,0.39697734,0.18467142,-0.3739716,-0.0769142,0.47064137
0.60574615,-0.057011694,0.50180376,-0.6064019,-0.55960655,0.10299148,0.09179949,-0.027076775,0.32997173,-0.4164306,0.28894052,0.07105263,0.22830886,-0.07605632,-0.9,-0.9,-0.9,-0.89564514,-0.9,-0.9,-0.9,-0.9,-0.9,-0.8912903,-0.89419353,-0.89564514,-0.9,-0.9,-0.89854836,-0.9,-0.38849968,-0.66998607,-0.49094638,-0.22968045,-0.48523855,-0.9,-0.18476498,-0.101423174,0.431586,-0.18795526,0.07856555,-0.48195153,-0.64980173,-0.28921637,0.04439496,0.72192895,0.017374812,0.45157224,-0.68856233,-0.47456157,-0.010147342,0.10321184,-0.029161483,0.37481844,-0.5012491,0.33316568,0.09734529,0.2554735,-0.1438326,-0.946744,-0.91988593,-0.9226671,-0.899291,-0.9563316,-0.95980865,-0.9467261,-0.90295297,-0.86078185,-0.8478931,-0.8602826,-0.8762112,-0.930003,-0.93035686,-0.929887,-0.92826575,-0.19819489,-0.50789124,-0.35409427,-0.49800962,-0.37567556,-0.90172404,-0.28093082,-0.18232104,0.15216163,-0.102192946,0.10651071,-0.5472741,-0.5806774,-0.2547257,-0.08286648,0.053852387,1.2200106,-0.051038813,-0.23741712,0.13160454,-0.32831782,0.6359933,0.46356472,-0.5701394,0.59623945,-0.52472377,-0.48997945,0.54813194,-0.71562177,-0.079057045,0.59318686,-0.6146256,-0.44818625,0.6529544,-0.017370721,-0.58799195,-0.42132208,0.5331959,-0.39385337,0.6178132,0.5741027,0.35702693,-0.037528638,-0.6185487,-0.40610555,0.11998467,0.52236676,0.33493072,-0.58475363,-0.35203084,0.58041817,0.5573227,0.51382,-0.4494951,-0.45792374,-0.529535,0.5827164,-0.5184264,0.51418823,0.5407051,-0.3943188,0.5815939,0.39908305,-0.087377004,-0.38996932,-0.606397,0.3520736,-0.5820847,-0.23417191,0.44449946,-0.13816603,0.41674715,-0.60262257,-0.64150274,-0.41375768,0.62634003,-0.76485574,0.45951828,-0.027691353,0.34680706,0.37686393,-0.22840789,-0.574738,-0.657821,-0.60144144,-0.4995627,-0.5079938,-0.29064962,-0.28416848,-0.68226975,0.33342364,-0.51921713,-0.105016604,-0.47021496,0.4535884,0.55618423,0.32263783,-0.09802357,-0.43535516,0.13185985,0.5706143,0.5677642,-0.64647084,0.5995088,-0.45350933,0.64006805,-0.52818084,-0.41306534,-0.26498732,0.06723052,-0.37740842,-0.4094536,0.48173377,0.40553394,0.39770362,0.16764766,-0.37272742,-0.0627366,0.47312507
0.5376181,-0.053055003,0.5014464,-0.6575141,-0.5596385,0.10297474,0.09152861,0.17515968,0.40249765,-0.39688385,0.4306728,0.10263158,0.2216912,-0.006338017,-0.9,-0.9,-0.9,-0.89854836,-0.9,-0.9,-0.9,-0.9,-0.9,-0.8912903,-0.89419353,-0.89564514,-0.9,-0.9,-0.9,-0.9,-0.34292123,-0.6969437,-0.18157396,-0.5364694,-0.5567628,-0.9,-0.14929926,-0.21534282,-0.054836474,-0.49152172,0.1336636,-0.81921875,-0.6156914,-0.07579537,-0.15145533,0.6562693,0.059669107,0.4645021,-0.70289934,-0.5323067,0.02377153,0.09141602,0.035536397,0.33560517,-0.4907729,0.37551248,0.08106125,0.25187004,-0.13133542,-0.9500626,-0.929137,-0.92576677,-0.90308607,-0.9517792,-0.95451236,-0.9412358,-0.8913343,-0.8480335,-0.8412091,-0.854406,-0.8734566,-0.9228544,-0.9264013,-0.9265852,-0.9281149,-0.15613481,-0.4830198,-0.34097376,-0.4862837,-0.38142234,-0.8839843,-0.293183,-0.2398595,0.19456892,-0.23296376,0.16387865,-0.56623626,-0.53943664,-0.3072282,-0.04035146,0.19020547,1.1209348,-0.024864225,-0.2383422,0.12069031,-0.32020345,0.64442307,0.46376652,-0.5619292,0.5864077,-0.487575,-0.5167392,0.55939424,-0.7286686,-0.12326089,0.6141156,-0.60329044,-0.420519,0.6659275,0.002961586,-0.61276233,-0.37852302,0.5219621,-0.39160287,0.6072682,0.5458834,0.26043758,0.03827059,-0.6005267,-0.41055998,0.20429245,0.50974375,0.3161998,-0.5989775,-0.32665825,0.57701594,0.5512356,0.51494396,-0.4303611,-0.45611385,-0.51102614,0.6054012,-0.5332813,0.52710104,0.5318489,-0.37888503,0.57575303,0.40537632,-0.24325861,-0.39716807,-0.6058453,0.3417861,-0.59194577,-0.2106294,0.42502865,-0.14374699,0.47681764,-0.5873391,-0.6099244,-0.4245149,0.6033475,-0.747659,0.4714786,0.054896228,0.32439333,0.3951149,-0.16349049,-0.56726474,-0.6471165,-0.5870884,-0.49775735,-0.51179487,-0.22087403,-0.31690416,-0.6811664,0.33015394,-0.51186067,-0.13040406,-0.4746118,0.4779027,0.55931485,0.36437473,-0.019091023,-0.38354132,0.047061097,0.5737537,0.55411553,-0.6399782,0.59494007,-0.4547514,0.63994277,-0.50264215,-0.46723312,-0.18538073,0.08248369,-0.37521312,-0.41288626,0.4826823,0.40604395,0.39791667,0.15071946,-0.37179214,-0.048036493,0.47338983
0.52184904,-0.02429637,0.50120395,-0.7041719,-0.55961716,0.10289108,0.09169114,0.0035941415,0.5348257,-0.49121812,0.35787395,0.118421055,0.2481618,-0.06338027,-0.9,-0.9,-0.89419353,-0.8869355,-0.9,-0.9,-0.9,-0.9,-0.9,-0.8912903,-0.89419353,-0.89419353,-0.9,-0.9,-0.9,-0.9,-0.38995022,-0.3830666,-0.44534507,-0.8302665,-0.43595862,-0.9,-0.19479671,-0.4652591,0.057999443,-0.56547457,0.17186093,-0.7171673,-0.6721219,-0.24230282,-0.28102598,0.63234234,0.09557919,0.5028111,-0.71368974,-0.6077277,0.10854021,0.071577854,0.09321302,0.2978943,-0.45899227,0.41853052,0.06870868,0.23286247,-0.06595091,-0.94957083,-0.93362576,-0.9245421,-0.9008335,-0.94694173,-0.9491489,-0.9390494,-0.88439727,-0.87043893,-0.86725575,-0.8733418,-0.8891899,-0.9181141,-0.92390096,-0.9251427,-0.9276992,-0.218658,-0.402592,-0.25123513,-0.48167598,-0.36127704,-0.8586701,-0.28843182,-0.28010234,0.13472024,-0.40460148,0.17430851,-0.6113231,-0.51736647,-0.313077,-0.07680245,0.3404109,1.028323,0.002365415,-0.23823974,0.117445976,-0.30796188,0.6490936,0.46360558,-0.5536379,0.5811167,-0.45311198,-0.54318064,0.5758818,-0.73631346,-0.1643972,0.63122904,-0.5920541,-0.3975818,0.67810625,0.025006184,-0.631787,-0.32815865,0.51199436,-0.38976172,0.6011184,0.5182249,0.1576874,0.11896166,-0.57694733,-0.41241425,0.27470323,0.5021079,0.28728557,-0.6102904,-0.29798782,0.56987405,0.5495074,0.5182155,-0.40450123,-0.45815796,-0.49595633,0.6249783,-0.5481437,0.5428406,0.5215624,-0.35624915,0.56949323,0.41840237,-0.3844451,-0.3974695,-0.6056871,0.33208823,-0.60011303,-0.17978291,0.40504533,-0.15052396,0.5262994,-0.5762485,-0.58292335,-0.43833393,0.5791395,-0.73214036,0.49254367,0.13634634,0.30386096,0.41206235,-0.08950017,-0.56153214,-0.64039695,-0.5775786,-0.4970338,-0.510092,-0.14681074,-0.34909925,-0.67890334,0.31861043,-0.49959856,-0.1528067,-0.47809392,0.49725676,0.5615249,0.39335275,0.056745265,-0.3301369,-0.04054974,0.57840836,0.54230815,-0.63353527,0.59263647,-0.4504036,0.6389884,-0.4777977,-0.5120113,-0.09166472,0.098658234,-0.3735972,-0.41563752,0.48392147,0.40607208,0.3977707,0.13385482,-0.3711836,-0.032744832,0.47169325
0.5230092,0.04386478,0.5008338,-0.7397815,-0.55960655,0.10299148,0.091664046,0.11166126,0.2553252,-0.36118978,0.3739799,0.078947365,0.21838239,-0.03802813,-0.9,-0.9,-0.9,-0.89709675,-0.9,-0.9,-0.9,-0.9,-0.9,-0.9,-0.89419353,-0.89419353,-0.9,-0.9,-0.9,-0.9,-0.33935457,-0.32460865,-0.5170116,-0.79716057,-0.3353932,-0.9,-0.25391206,-0.481279,0.17870335,-0.5218359,0.16410463,-0.71383953,-0.6826155,-0.3943334,-0.23779221,0.6412344,0.13466421,0.5190613,-0.7301131,-0.64295524,0.15100133,0.06037084,0.13877891,0.25957274,-0.43206435,0.4438945,0.0599612,0.22382724,-0.018882884,-0.94290155,-0.9236903,-0.91029966,-0.8770571,-0.93932,-0.9404066,-0.9314626,-0.875927,-0.8762116,-0.87376297,-0.877554,-0.89161,-0.917935,-0.92332834,-0.9257597,-0.92897636,-0.27035266,-0.35980558,-0.23732138,-0.48620564,-0.37598783,-0.8534989,-0.2907116,-0.34633282,0.15749489,-0.4780741,0.17147478,-0.61061054,-0.5083231,-0.33654165,-0.0779242,0.49768245,0.9311069,0.030849129,-0.23719172,0.11960817,-0.29317108,0.6501768,0.463713,-0.5456405,0.5767538,-0.4222769,-0.56473553,0.592695,-0.7402125,-0.20423599,0.6471982,-0.579862,-0.37332234,0.68664086,0.044802416,-0.64450777,-0.27312297,0.50393486,-0.388652,0.59487176,0.49362704,0.049695544,0.20050006,-0.5489067,-0.40837872,0.32696202,0.49607813,0.25393564,-0.61655456,-0.26584852,0.56020457,0.55253,0.52034664,-0.3732669,-0.4600991,-0.48597303,0.6413055,-0.5609425,0.5585227,0.5099204,-0.32562295,0.563601,0.43232727,-0.49776343,-0.38941994,-0.6036897,0.31993914,-0.6033604,-0.1402901,0.38353637,-0.15448637,0.56193656,-0.5711485,-0.5661202,-0.45126832,0.5578739,-0.72062767,0.51303333,0.22036046,0.28820568,0.42873308,-0.009591002,-0.555712,-0.6362741,-0.57176,-0.49543044,-0.5139713,-0.06941561,-0.37615156,-0.67485034,0.2973419,-0.48174736,-0.1733821,-0.4816751,0.5128987,0.55924857,0.41658732,0.1314377,-0.27584094,-0.12650518,0.5830513,0.5308369,-0.6272005,0.5927444,-0.44046298,0.6350889,-0.45517886,-0.5432471,0.010553929,0.11582266,-0.3725264,-0.41779482,0.48530644,0.40557796,0.39738262,0.11680372,-0.37081093,-0.016758084,0.4683486
0.5437278,0.13411,0.5006551,-0.7685345,-0.5596172,0.103024945,0.091664046,0.26190087,0.15056552,-0.30679885,0.42133135,0.078947365,0.21176474,0.0063380413,-0.9,-0.9,-0.9,-0.89419353,-0.9,-0.9,-0.9,-0.9,-0.9,-0.89709675,-0.89419353,-0.89709675,-0.9,-0.9,-0.9,-0.9,-0.39738053,-0.29592323,-0.35308695,-0.7965257,-0.41220364,-0.9,-0.22681946,-0.4874844,0.06518529,-0.53768474,0.09513495,-0.6997212,-0.66887254,-0.1922616,-0.27125275,0.6608973,0.1964557,0.50922614,-0.7407988,-0.65408146,0.10768386,0.06077493,0.19961254,0.1869605,-0.38155136,0.46684235,0.051311873,0.1993864,0.055084437,-0.9231689,-0.8820578,-0.86446863,-0.8070418,-0.93484414,-0.9372857,-0.92857105,-0.8854972,-0.8848718,-0.88086045,-0.88288957,-0.893888,-0.91724473,-0.92223245,-0.9253457,-0.9294511,-0.29665285,-0.37129277,-0.26786008,-0.53953856,-0.41228053,-0.8518517,-0.29848874,-0.39484757,0.19284107,-0.4936078,0.1666696,-0.6067978,-0.5286465,-0.3725325,-0.077063315,0.6684731,0.83048344,0.060693603,-0.23519617,0.12649857,-0.27484214,0.6512322,0.4652765,-0.5385326,0.57317644,-0.3975972,-0.5852548,0.6094951,-0.7440384,-0.24017581,0.6619275,-0.5677551,-0.34764662,0.69414884,0.06255577,-0.65374243,-0.21405496,0.49718043,-0.38848647,0.58923215,0.47285238,-0.06501104,0.2799744,-0.5170799,-0.39943308,0.3676134,0.4932664,0.21160507,-0.620179,-0.22723773,0.548762,0.5569838,0.5218713,-0.33732656,-0.4623881,-0.4832175,0.65413094,-0.57413495,0.57729954,0.49855262,-0.28894082,0.56004083,0.44745234,-0.57984006,-0.37158728,-0.60094345,0.30546546,-0.60266143,-0.09058643,0.35771507,-0.15857571,0.5865837,-0.5693271,-0.5575444,-0.46425104,0.5368843,-0.7121542,0.5319113,0.3055371,0.27598345,0.4461735,0.076788776,-0.5500065,-0.63217753,-0.5679884,-0.4928399,-0.5251558,0.013954698,-0.39940354,-0.67309463,0.2704977,-0.46082586,-0.19264922,-0.48822263,0.5252683,0.55465275,0.4374965,0.20438638,-0.2206904,-0.20401555,0.5898639,0.5189053,-0.62394,0.59388155,-0.42902118,0.62678415,-0.43010274,-0.5660515,0.11913832,0.13397479,-0.37183136,-0.41941857,0.4865952,0.40455505,0.39685962,0.09930892,-0.37058225,-4.2563304e-05,0.4636615
0.61598593,0.21431817,0.50054026,-0.7881285,-0.5596385,0.10307514,0.09472682,0.3196485,0.14293121,-0.31572238,0.45386535,0.08684211,0.19852944,0.031690147,-0.9,-0.9,-0.9,-0.89564514,-0.9,-0.9,-0.9,-0.9,-0.9,-0.8883871,-0.89419353,-0.89419353,-0.89564514,-0.89564514,-0.89709675,-0.89709675,-0.31021416,-0.44341227,0.09632188,-0.52499354,-0.42295787,-0.8833071,-0.35048687,-0.43124273,0.08587414,-0.5151584,-0.06609677,-0.8274424,-0.5282557,-0.01633503,0.010254192,0.70503885,0.23556891,0.51207155,-0.75208783,-0.65527815,0.07940604,0.06277533,0.2591471,0.11503668,-0.31669253,0.49218825,0.052254263,0.16438393,0.1610411,-0.8882123,-0.8008338,-0.78212076,-0.6783819,-0.93133056,-0.93764967,-0.9297058,-0.9040237,-0.9087767,-0.8994276,-0.8989473,-0.901957,-0.91422945,-0.9191761,-0.92382926,-0.9292947,-0.37116572,-0.3757038,-0.24713963,-0.570155,-0.46473423,-0.8531413,-0.2972782,-0.38146454,0.18828763,-0.49859774,0.099493146,-0.5819966,-0.5692916,-0.36694545,-0.096115984,0.8592132,0.7301697,0.09203998,-0.2322601,0.13854927,-0.25209266,0.65289277,0.46759224,-0.53370214,0.5702426,-0.38218638,-0.6065979,0.6253012,-0.7491464,-0.27292117,0.6763,-0.5560339,-0.32035702,0.7000629,0.07604498,-0.66083,-0.1500057,0.492106,-0.3876955,0.5849709,0.45579115,-0.18186595,0.35084096,-0.47875544,-0.38604996,0.39743432,0.49458063,0.15379852,-0.62086326,-0.18049052,0.5365937,0.56110364,0.5251512,-0.29741028,-0.46664646,-0.4901001,0.66423565,-0.5909469,0.60010296,0.48694927,-0.24888016,0.5591595,0.46820414,-0.6338685,-0.3429533,-0.59791636,0.28643626,-0.59848523,-0.03026441,0.32558194,-0.1613008,0.603085,-0.5703923,-0.55795145,-0.47747427,0.5195779,-0.705206,0.5508804,0.38826823,0.26928383,0.46444824,0.168427,-0.54666454,-0.62736994,-0.5663754,-0.4905772,-0.5449784,0.10283795,-0.4188582,-0.6739793,0.236863,-0.4380963,-0.21144043,-0.49860835,0.53316516,0.5510908,0.45807487,0.27344853,-0.16585264,-0.26689914,0.60037655,0.50616,-0.6245791,0.59654266,-0.4161872,0.614819,-0.40211302,-0.5827437,0.22859627,0.15305194,-0.37144563,-0.42053747,0.4876863,0.40296242,0.39631897,0.08110069,-0.37046397,0.017449817,0.457808
0.724424,0.2778906,0.5004254,-0.7957234,-0.56002253,0.100180335,0.09635308,0.10758781,-0.0737983,-0.24220961,0.35175368,0.06315789,0.20183827,0.057042263,-0.8506452,-0.7417742,-0.7577419,-0.64887094,-0.9,-0.9,-0.9,-0.9,-0.9,-0.8912903,-0.8927419,-0.89419353,-0.9,-0.9,-0.9,-0.9,-0.34935316,-0.4010345,0.16077128,-0.2838248,-0.42493626,-0.9,-0.4930635,-0.11177382,0.28436726,-0.32843798,-0.25452775,-0.5269235,-0.34068304,-0.086786844,0.20134538,0.74568486,0.25438407,0.51235825,-0.76261026,-0.6296094,0.019188581,0.08750595,0.30615908,0.060338993,-0.2628398,0.5079134,0.059313923,0.13048172,0.24584001,-0.8390666,-0.67809325,-0.676204,-0.5230028,-0.92562455,-0.93715745,-0.9287112,-0.91359097,-0.9242445,-0.9127194,-0.9104553,-0.9080054,-0.9076095,-0.91240674,-0.9214191,-0.9277166,-0.40395555,-0.44937712,-0.19664624,-0.5955091,-0.4838575,-0.8556145,-0.3006932,-0.30208346,0.1828687,-0.46669316,0.01579118,-0.5698743,-0.60801524,-0.31801012,-0.09880925,1.069196,0.62127197,0.12501906,-0.2283711,0.15558918,-0.22605713,0.6555718,0.4711129,-0.5329026,0.5665473,-0.37718877,-0.62748605,0.6377602,-0.7544677,-0.30499607,0.6909516,-0.54430026,-0.28623793,0.70374453,0.08383819,-0.66582733,-0.082510956,0.48824275,-0.385783,0.5808224,0.44257122,-0.29380864,0.40879214,-0.43491018,-0.36732987,0.41765505,0.49844325,0.079338185,-0.61823744,-0.124451116,0.52290666,0.56323004,0.52825683,-0.2546843,-0.47025114,-0.50704396,0.67193913,-0.61043245,0.62572825,0.4739514,-0.2052043,0.5605574,0.49199215,-0.66869074,-0.3019743,-0.5942375,0.25949678,-0.59067184,0.04124315,0.28674823,-0.1611525,0.61154234,-0.5750697,-0.5682569,-0.4884071,0.50938517,-0.7026674,0.567231,0.46541557,0.26704586,0.48372012,0.26225686,-0.5458043,-0.6227413,-0.56819767,-0.48763993,-0.5762041,0.19743992,-0.43468067,-0.67641467,0.19335586,-0.41348103,-0.22884525,-0.5126381,0.53764284,0.5490208,0.48013765,0.34055123,-0.11179917,-0.3095302,0.61283296,0.49287975,-0.62752235,0.6000054,-0.40353397,0.59880763,-0.3714937,-0.59398925,0.32963312,0.17291349,-0.37136543,-0.42119688,0.48852307,0.40074188,0.39583722,0.061901547,-0.3704309,0.0357683,0.45090258
0.8049756,0.322615,0.50038713,-0.79734993,-0.56980443,0.06627932,0.09562116,0.055111717,-0.16328934,-0.19291784,0.35239792,0.047368422,0.22500002,0.17112677,-0.656129,-0.2932258,-0.36870965,-0.01596774,-0.9,-0.9,-0.9,-0.9,-0.9,-0.8883871,-0.89419353,-0.89419353,-0.9,-0.9,-0.9,-0.9,-0.57190865,-0.40682983,-0.024125505,-0.328098,-0.60618407,-0.9,-0.47494355,0.09069321,0.19886263,-0.2818618,-0.3455897,-0.27730688,-0.3006517,-0.36567146,0.08769214,0.77782845,0.27197132,0.49722615,-0.7734941,-0.57557714,-0.08640588,0.12882575,0.3334846,0.026440552,-0.22706562,0.5145897,0.08482842,0.11489709,0.28694537,-0.75450426,-0.46506414,-0.51746774,-0.2996404,-0.91332984,-0.93108296,-0.91905147,-0.911307,-0.92286885,-0.91153735,-0.90738666,-0.90379494,-0.89948106,-0.9031974,-0.91729254,-0.92412543,-0.35127032,-0.5054917,-0.18584642,-0.5958624,-0.4899953,-0.86054605,-0.33568987,-0.18426201,0.20978574,-0.35803992,-0.041535273,-0.5738729,-0.60313314,-0.2949246,-0.038675364,1.2957386,0.5099534,0.15974371,-0.22348566,0.17931825,-0.19725809,0.66102535,0.47704437,-0.537037,0.5616331,-0.37928665,-0.64750206,0.64757323,-0.75980186,-0.33754808,0.7048464,-0.53287196,-0.245417,0.70685077,0.085864626,-0.66946334,-0.010175637,0.48577437,-0.38209802,0.5762818,0.43128917,-0.39494836,0.45172897,-0.38520825,-0.34696534,0.4316597,0.50291026,-0.016576456,-0.6130448,-0.05921729,0.50661546,0.56054485,0.53248465,-0.20974566,-0.47379947,-0.5277347,0.6783812,-0.6308166,0.6521701,0.45850408,-0.1600894,0.5633636,0.51876295,-0.6913893,-0.25105032,-0.5909901,0.22183068,-0.5819703,0.1187961,0.24157569,-0.158102,0.61454904,-0.5809087,-0.581175,-0.4961384,0.5053681,-0.70266515,0.58406776,0.53019476,0.26652622,0.5017488,0.35280034,-0.5480016,-0.61783177,-0.57316107,-0.4832426,-0.6113298,0.29529217,-0.4491828,-0.6794365,0.13777402,-0.38923547,-0.2433847,-0.5288276,0.53993875,0.5512603,0.5009383,0.40424106,-0.05754774,-0.33281112,0.6256568,0.48120752,-0.6315229,0.60236025,-0.3923847,0.5792639,-0.33689865,-0.60419214,0.4183543,0.19338402,-0.37154356,-0.42150617,0.48901102,0.39783716,0.3954259,0.04141212,-0.37042463,0.0549513,0.44308406
0.8205064,0.33213377,0.5005275,-0.797963,-0.6003023,0.01797121,0.09537726,0.25495198,0.14759661,-0.29320112,0.45418748,0.07105263,0.20514709,0.1964789,-0.61258066,-0.21048388,-0.29177418,0.089999996,-0.9,-0.9,-0.9,-0.9,-0.9,-0.8883871,-0.89419353,-0.89419353,-0.9,-0.9,-0.9,-0.9,-0.6158777,-0.5614132,-0.33848068,-0.44849336,-0.66932184,-0.9,-0.4444962,0.22039326,0.16687235,-0.15675017,-0.20150025,-0.27294803,-0.23692435,-0.58146524,0.05585582,0.8032774,0.2939706,0.48447925,-0.7760203,-0.5493147,-0.11959469,0.14090988,0.33973208,0.028252631,-0.20681538,0.5327288,0.13149334,0.12689516,0.3299681,-0.63903075,-0.20166263,-0.31199327,-0.014863056,-0.8892347,-0.9154006,-0.9005663,-0.90383416,-0.9169619,-0.9073726,-0.8998831,-0.8928398,-0.89451915,-0.899614,-0.91404337,-0.92006326,-0.26731977,-0.48580414,-0.22611168,-0.56655514,-0.49726218,-0.8718864,-0.3784213,-0.081981726,0.20248878,-0.27732268,-0.056752644,-0.59128755,-0.542622,-0.36629513,0.019056099,1.5368121,0.40633398,0.1962419,-0.21749993,0.21005628,-0.16572776,0.66915697,0.48623276,-0.5458221,0.5568637,-0.38852158,-0.66640455,0.65622306,-0.7646134,-0.3681243,0.715835,-0.5228886,-0.20157431,0.71187365,0.078654096,-0.67192507,0.069315724,0.48580432,-0.37711066,0.5726952,0.42192337,-0.47732332,0.47801125,-0.32856745,-0.32938507,0.44325712,0.510875,-0.14037693,-0.6067864,0.012204845,0.48663884,0.5531093,0.54024065,-0.16156465,-0.48146802,-0.54862976,0.6837159,-0.6499922,0.678004,0.4426268,-0.11585613,0.5674772,0.5475055,-0.70499873,-0.18925798,-0.5892845,0.17076653,-0.5740968,0.19630612,0.1901907,-0.15379557,0.6135149,-0.58826727,-0.59147596,-0.5023487,0.5020762,-0.70280176,0.60532504,0.5781305,0.26683855,0.5158594,0.43434048,-0.5540205,-0.61266947,-0.57988113,-0.47800407,-0.6434179,0.38881472,-0.46488702,-0.68418556,0.07099991,-0.36811358,-0.25340286,-0.5469947,0.5390388,0.5596156,0.51549006,0.4605896,-0.0032609808,-0.33817652,0.6389436,0.47311908,-0.6381868,0.6025135,-0.3837409,0.55668545,-0.29702416,-0.6152711,0.49244216,0.21427156,-0.37194577,-0.42153737,0.4890912,0.394161,0.3950224,0.01944443,-0.37035936,0.0750142,0.43442428
0.8231683,0.32743126,0.5004509,-0.79801303,-0.6217755,-0.0055051576,0.0955127,0.23674114,-0.010179075,-0.24348442,0.43872577,-0.039473686,0.14558826,0.17112677,-0.6154839,-0.20758066,-0.31499997,0.011612892,-0.9,-0.9,-0.9,-0.9,-0.9,-0.8883871,-0.89419353,-0.89419353,-0.9,-0.9,-0.9,-0.9,-0.5956612,-0.64100873,-0.6041577,-0.4220921,-0.61278015,-0.9,-0.43742907,0.29399437,0.035275124,-0.04710517,-0.16147606,-0.42373678,-0.19746321,-0.65396273,-0.04222961,0.8236379,0.3003204,0.4764293,-0.7721284,-0.54986054,-0.084944226,0.13690627,0.30156207,0.054935843,-0.23592636,0.53004783,0.15040903,0.16505073,0.32469386,-0.5627999,-0.071920685,-0.2108175,0.13163753,-0.86365455,-0.89740777,-0.88214916,-0.8929879,-0.9086707,-0.90399027,-0.89418703,-0.8831646,-0.8954512,-0.90105814,-0.91360724,-0.91887665,-0.19131449,-0.48661274,-0.31606156,-0.55197114,-0.5249876,-0.89087325,-0.41303715,-0.022574695,0.17092676,-0.2856691,-0.07824992,-0.6164041,-0.46151945,-0.4288376,0.020568375,1.7829998,0.30477494,0.23447934,-0.21035297,0.24400507,-0.1358605,0.6774155,0.4964328,-0.5557898,0.5522081,-0.40634155,-0.6813817,0.6627767,-0.7675204,-0.3940577,0.723915,-0.51470953,-0.15742496,0.7193204,0.059772845,-0.6717079,0.1571226,0.4881703,-0.372362,0.5695079,0.41443706,-0.53575116,0.489177,-0.26538837,-0.31469843,0.45240855,0.5234556,-0.28204682,-0.600891,0.08683022,0.4631456,0.5472927,0.5479888,-0.106902346,-0.4929084,-0.5686846,0.6882784,-0.6654174,0.7019185,0.43001568,-0.06993311,0.5715879,0.5718482,-0.7126293,-0.110442005,-0.5867373,0.106089786,-0.5654948,0.2711437,0.13055184,-0.14647476,0.6073822,-0.5970714,-0.6008006,-0.50648534,0.49435794,-0.70539,0.62690234,0.61109686,0.26822466,0.52659845,0.5003753,-0.559702,-0.6068667,-0.58678997,-0.47110373,-0.6709971,0.46828866,-0.48040426,-0.6902756,-0.0033839962,-0.35042048,-0.25926885,-0.5634548,0.53401625,0.56869006,0.520782,0.5093437,0.049739555,-0.3313016,0.65038204,0.46890917,-0.64605045,0.60152584,-0.37785062,0.5311398,-0.24777332,-0.6234148,0.5491326,0.23532525,-0.37255648,-0.42135075,0.48878562,0.38964087,0.3945763,-0.0041189557,-0.3701589,0.095971115,0.42497507
0.82518256,0.31243885,0.5004637,-0.7974876,-0.623813,-0.008266095,0.09567524,0.22356232,-0.061922714,-0.23201133,0.45612016,-0.05526316,0.105882384,0.14577466,-0.58354837,-0.18435487,-0.32080644,-0.0580645,-0.9,-0.9,-0.9,-0.9,-0.9,-0.8912903,-0.89419353,-0.8927419,-0.9,-0.9,-0.9,-0.9,-0.50144726,-0.6493097,-0.6475151,-0.42583936,-0.53383553,-0.9,-0.45319554,0.354461,0.019817447,-0.120166935,-0.1887381,-0.46300048,-0.15079814,-0.6712298,-0.11593108,0.82835203,0.3090119,0.46700788,-0.7360743,-0.5594733,-0.062468234,0.13039204,0.24197853,0.060384657,-0.25140038,0.4904137,0.13954546,0.18949568,0.2979011,-0.51883155,-0.030984895,-0.18258728,0.1588975,-0.8657434,-0.9011979,-0.8856579,-0.902076,-0.91439486,-0.9104301,-0.89996463,-0.8870779,-0.8973684,-0.901345,-0.9130937,-0.91714984,-0.13814536,-0.5191107,-0.3776114,-0.5577496,-0.55659246,-0.90685433,-0.45376194,0.0131245395,0.07802746,-0.33926055,-0.14362879,-0.6721878,-0.42810336,-0.4624297,-0.017347056,2.0201702,0.20263003,0.27438384,-0.20208824,0.2759516,-0.112611964,0.6862419,0.5025982,-0.5644251,0.5459528,-0.427412,-0.6917935,0.6674327,-0.76917195,-0.41553277,0.7310541,-0.50793743,-0.115160555,0.72742116,0.032971535,-0.6688038,0.24946629,0.49069843,-0.36722514,0.5638635,0.40634143,-0.5759417,0.4922869,-0.19663835,-0.3005953,0.45863953,0.5352413,-0.41799843,-0.5969772,0.16458456,0.43834156,0.54252577,0.55273896,-0.043525264,-0.50580704,-0.58336,0.6938152,-0.67697406,0.72172,0.42137688,-0.02052569,0.57276034,0.5899572,-0.71855175,-0.016307406,-0.58168644,0.031696532,-0.55740947,0.33908406,0.06265272,-0.13463242,0.5970977,-0.6032613,-0.6057391,-0.50555134,0.48231527,-0.71080685,0.64528334,0.631893,0.2681141,0.5338704,0.54690695,-0.55951035,-0.599426,-0.5916534,-0.46262637,-0.6919039,0.52932715,-0.4936274,-0.6945926,-0.07894282,-0.33625975,-0.2641939,-0.57441366,0.52709794,0.5746767,0.51913613,0.5501384,0.102488786,-0.3203992,0.6581187,0.46525493,-0.65144926,0.6006828,-0.37516513,0.50282604,-0.18420011,-0.62887466,0.59229624,0.2562253,-0.37328824,-0.4210858,0.48809674,0.38430843,0.3941189,-0.029382946,-0.36977422,0.11785942,0.4148429
0.82610387,0.2861958,0.50041264,-0.7802208,-0.6241223,-0.0085505545,0.09562106,0.23506384,-0.14547597,-0.17082152,0.48865417,-0.078947365,0.09264709,0.15211271,-0.51387095,-0.12193547,-0.2932258,-0.10451613,-0.9,-0.9,-0.9,-0.9,-0.9,-0.8883871,-0.89419353,-0.89419353,-0.9,-0.9,-0.9,-0.9,-0.4280511,-0.71795505,-0.6034507,-0.40659493,-0.50354147,-0.9,-0.49584544,0.31461957,0.06691511,-0.26592782,-0.28780162,-0.47021508,-0.22407201,-0.63139766,-0.1313164,0.82089674,0.30861646,0.46265578,-0.6873177,-0.5626841,-0.04460648,0.12454002,0.18962884,0.07842081,-0.27390927,0.45045587,0.13956574,0.21806242,0.2642693,-0.48440567,-0.016516048,-0.17112207,0.15720952,-0.8690042,-0.9040985,-0.88808066,-0.9073555,-0.9172434,-0.9132455,-0.90310407,-0.89039296,-0.8995226,-0.9008257,-0.913431,-0.9150319,-0.10261366,-0.5653742,-0.4070043,-0.5760016,-0.5749727,-0.92235076,-0.4859252,0.032776434,-0.0069120172,-0.3812327,-0.20735167,-0.7050813,-0.42698675,-0.49715474,-0.051455267,2.2416809,0.103757665,0.31574228,-0.1927911,0.30438536,-0.09632449,0.693289,0.5022852,-0.57317424,0.5367873,-0.44623852,-0.6983879,0.66941035,-0.769804,-0.43633446,0.7402347,-0.501733,-0.07113513,0.7325732,-0.0038860952,-0.66403216,0.33821774,0.49422994,-0.3576626,0.5559835,0.39664775,-0.6025399,0.48938808,-0.11953675,-0.28605857,0.45933858,0.54274064,-0.5296529,-0.59520906,0.24222466,0.41609508,0.537508,0.556241,0.026788443,-0.51781803,-0.59181684,0.70115626,-0.6862638,0.73411083,0.41465515,0.03380369,0.5670157,0.60423243,-0.724647,0.0879412,-0.5763172,-0.050589014,-0.5519869,0.3974595,-0.011328891,-0.118137494,0.58543557,-0.60819644,-0.6062248,-0.4999179,0.47268122,-0.7161539,0.66125005,0.64311993,0.26851717,0.53502,0.57689494,-0.55397284,-0.5930599,-0.59576076,-0.45511973,-0.70641977,0.570532,-0.5032337,-0.6933612,-0.15466891,-0.32388124,-0.26908016,-0.57771033,0.5186715,0.5783596,0.51437736,0.5831375,0.15941069,-0.3097766,0.6628945,0.4587379,-0.6522259,0.6022969,-0.3725399,0.4737256,-0.10898052,-0.6326293,0.6245409,0.27665058,-0.3739885,-0.4208556,0.4870484,0.37827855,0.39369568,-0.05629518,-0.36921358,0.14065157,0.4040945
0.8268893,0.23896843,0.5006296,-0.731999,-0.62407964,-0.008667689,0.09589215,0.19025554,0.14971726,-0.31274787,0.48446664,3.8996935e-09,0.14227945,0.10774648,-0.42241937,-0.06096775,-0.25112906,-0.13354838,-0.9,-0.9,-0.9,-0.9,-0.89854836,-0.8883871,-0.89419353,-0.89419353,-0.9,-0.9,-0.9,-0.9,-0.32773757,-0.7097691,-0.51675177,-0.4563995,-0.54378784,-0.9,-0.5673001,0.1951129,0.060180508,-0.52951634,-0.37977135,-0.58305603,-0.31918025,-0.6218369,-0.13007899,0.80023813,0.30148518,0.45446685,-0.62780386,-0.5564996,-0.02932984,0.11711104,0.14805877,0.11023648,-0.3033802,0.41924456,0.15419443,0.25408772,0.23167929,-0.46266964,-0.010463981,-0.1631695,0.15352863,-0.8690345,-0.90388507,-0.8869358,-0.909407,-0.9161405,-0.912037,-0.90264887,-0.8904213,-0.9013605,-0.90127707,-0.91429776,-0.91306204,-0.071378656,-0.6145471,-0.42362365,-0.6020105,-0.58633035,-0.9355529,-0.51226145,0.026760539,-0.06672865,-0.41755238,-0.2583468,-0.716401,-0.44137606,-0.53810877,-0.07564421,2.4482324,0.007900692,0.3582668,-0.18257725,0.3284978,-0.08537952,0.69882554,0.4969929,-0.582078,0.52508795,-0.46159324,-0.70282066,0.6695311,-0.7693792,-0.45721433,0.7499854,-0.49549958,-0.023504063,0.7362443,-0.049806397,-0.65783024,0.41700763,0.4980419,-0.3441088,0.5466515,0.38593084,-0.6203544,0.48235008,-0.033842552,-0.27128792,0.45573646,0.54711205,-0.6109623,-0.59491545,0.31629768,0.39638275,0.5313491,0.55905527,0.10196655,-0.5277026,-0.5950147,0.7090435,-0.69406503,0.741844,0.40965104,0.09241326,0.55566525,0.61612236,-0.73150426,0.19903128,-0.57172096,-0.13793442,-0.5490416,0.44506446,-0.090505175,-0.09722595,0.57300365,-0.6118033,-0.60310584,-0.49010113,0.4635408,-0.72094053,0.6751173,0.64844644,0.26997775,0.5312443,0.5954309,-0.54519355,-0.5874185,-0.59946907,-0.44849268,-0.7161879,0.5966305,-0.5096736,-0.688496,-0.22696733,-0.3127577,-0.27379835,-0.574876,0.50933784,0.5796033,0.5080291,0.60922724,0.22086746,-0.30019972,0.6656474,0.44940177,-0.6494768,0.60486,-0.3695586,0.44320136,-0.020516332,-0.63566685,0.6486307,0.29634282,-0.37441403,-0.42074937,0.485691,0.37172487,0.3933285,-0.0847511,-0.36854225,0.1642134,0.3928067
0.8270598,0.19928785,0.5006551,-0.65318483,-0.6172846,0.0030453948,0.09589226,0.21110223,0.07846372,-0.2706799,0.46417317,0.1263158,0.19522062,0.14577465,-0.4253226,-0.058064528,-0.24967742,-0.13064516,-0.9,-0.9,-0.9,-0.9,-0.9,-0.8883871,-0.8927419,-0.89419353,-0.9,-0.9,-0.9,-0.9,-0.25118604,-0.66077405,-0.46803814,-0.45930707,-0.6005822,-0.9,-0.5922741,0.05931158,-0.020286351,-0.646693,-0.49529663,-0.646613,-0.4269822,-0.62604296,-0.14437194,0.7692154,0.27486524,0.45633316,-0.5690092,-0.55228454,0.008786199,0.110708505,0.11551238,0.16745451,-0.3565373,0.402818,0.18472926,0.30261806,0.19674517,-0.48112324,-0.05168906,-0.19518493,0.12423782,-0.8512652,-0.88740563,-0.87079287,-0.8971588,-0.9112938,-0.907027,-0.89961153,-0.8880958,-0.9023217,-0.9021818,-0.915574,-0.9111968,-0.053873103,-0.652348,-0.4336001,-0.61963385,-0.5991729,-0.9466088,-0.527198,0.008784314,-0.097885005,-0.47628412,-0.312346,-0.69916683,-0.47543117,-0.566629,-0.10602716,2.641294,-0.084832095,0.40168455,-0.17157987,0.3480287,-0.07891793,0.7025878,0.48776972,-0.59063166,0.5115939,-0.47390047,-0.7060476,0.66838294,-0.7679563,-0.47812214,0.7590479,-0.48972523,0.028317261,0.73945713,-0.10401534,-0.6504935,0.48273212,0.502127,-0.32760546,0.5370395,0.37433574,-0.6320708,0.47240037,0.059124388,-0.25603607,0.44902405,0.55015504,-0.66554886,-0.5957469,0.38306245,0.37885317,0.5246072,0.56131697,0.1800635,-0.53500867,-0.5941338,0.7164435,-0.70092386,0.7471615,0.4064866,0.15419956,0.5402512,0.62615484,-0.7385887,0.31169373,-0.56798494,-0.22678775,-0.5484928,0.4822922,-0.17322277,-0.07231746,0.56000113,-0.6140942,-0.59733325,-0.4765632,0.45302495,-0.7250925,0.68738043,0.64973325,0.27302334,0.5238851,0.60666656,-0.53522563,-0.58184826,-0.6029582,-0.44285828,-0.7225613,0.61245143,-0.51358503,-0.6815972,-0.29253152,-0.30284765,-0.27794835,-0.5670156,0.49886927,0.5782452,0.500566,0.6298269,0.28539386,-0.29186684,0.66677845,0.43776193,-0.64420813,0.60749686,-0.36627623,0.41073552,0.08147934,-0.637929,0.6667439,0.31512168,-0.3743578,-0.42082873,0.48411196,0.36480612,0.39305115,-0.114621,-0.36785018,0.18837842,0.38102645
0.82729864,0.17232424,0.5008338,-0.54807013,-0.6047185,0.05319413,0.0957838,0.027795421,0.3295476,-0.40028328,0.38074437,0.22105263,0.30772063,0.13943663,-0.3817742,0.08564516,-0.1132258,0.07112902,-0.9,-0.9,-0.9,-0.9,-0.89854836,-0.8883871,-0.89419353,-0.89419353,-0.9,-0.9,-0.9,-0.9,-0.21873103,-0.63555014,-0.4996286,-0.43808085,-0.639794,-0.9,-0.5882891,-0.06238652,-0.06448492,-0.7204121,-0.5639201,-0.6703384,-0.51308966,-0.55642134,-0.19189268,0.7232236,0.26108134,0.45745397,-0.49591082,-0.55563194,0.038337737,0.09531569,0.09223089,0.2177746,-0.40123507,0.39202437,0.21537238,0.34867004,0.17422318,-0.5037253,-0.08368876,-0.20751394,0.13163503,-0.82404137,-0.86270404,-0.8482467,-0.8826165,-0.9074947,-0.90128607,-0.89642346,-0.88479537,-0.9036115,-0.90500593,-0.9162515,-0.90958875,-0.051860634,-0.66043603,-0.45525286,-0.6303663,-0.612044,-0.9534136,-0.541346,-0.014459362,-0.117654406,-0.53857476,-0.3680949,-0.671666,-0.51498747,-0.6057059,-0.14136006,2.820003,-0.17773524,0.44569743,-0.15993118,0.36132064,-0.07766086,0.7047834,0.47530454,-0.59746695,0.49651232,-0.48407686,-0.708558,0.6663779,-0.76536304,-0.4985393,0.76617825,-0.4845195,0.08432264,0.74289024,-0.16288628,-0.64203197,0.53519833,0.50499874,-0.31028938,0.5269972,0.36260375,-0.64097005,0.46297273,0.15466492,-0.2393181,0.44120502,0.5520824,-0.70018244,-0.5974649,0.44075713,0.3622486,0.5173186,0.5620368,0.2589624,-0.53867835,-0.58917946,0.72313803,-0.70664954,0.75203127,0.4050519,0.21827586,0.52261674,0.6332006,-0.74638027,0.41799042,-0.56448126,-0.3110935,-0.5503153,0.5113541,-0.25755107,-0.044071686,0.5466707,-0.6140288,-0.58947617,-0.4585498,0.43797854,-0.72957534,0.69741756,0.6483754,0.2775515,0.51503676,0.61269087,-0.5241401,-0.57550395,-0.60661453,-0.437238,-0.72699445,0.62337863,-0.5149053,-0.6733587,-0.3476529,-0.29546598,-0.28119576,-0.5552241,0.4883927,0.5733641,0.49221358,0.6472135,0.3504274,-0.28654742,0.665707,0.42416236,-0.6360722,0.6085923,-0.36438477,0.3741738,0.19654594,-0.63915503,0.6810857,0.33285442,-0.3736786,-0.42111322,0.48241708,0.3576478,0.3928996,-0.1457259,-0.36721623,0.21293679,0.36878738
0.80565894,0.15718013,0.5008593,-0.44734725,-0.6001849,0.11475476,0.09553979,-0.013658263,0.34820926,-0.4177054,0.36914808,0.27631578,0.33750004,0.19014086,-0.46451613,0.04935479,-0.12919359,0.13354836,-0.9,-0.9,-0.9,-0.9,-0.9,-0.8883871,-0.89419353,-0.89419353,-0.9,-0.9,-0.9,-0.9,-0.18781626,-0.6254838,-0.5111191,-0.4213863,-0.66051036,-0.9,-0.57447636,-0.13718544,-0.091874614,-0.7594442,-0.59547806,-0.6714733,-0.5811209,-0.53191406,-0.22178832,0.6658812,0.23463285,0.46381304,-0.42292044,-0.55749446,0.07929011,0.09004759,0.0671656,0.2848799,-0.457668,0.38747883,0.25657904,0.39925203,0.14079054,-0.5420141,-0.13390104,-0.24139704,0.1263316,-0.77005917,-0.8094743,-0.8012862,-0.8461817,-0.8964254,-0.88809717,-0.88694096,-0.87602216,-0.90410155,-0.9075014,-0.9165356,-0.9074524,-0.04351845,-0.6637689,-0.47726238,-0.62659395,-0.62589705,-0.95829725,-0.54553473,-0.042444743,-0.11731582,-0.6069718,-0.4163301,-0.631587,-0.55381244,-0.62349784,-0.17248303,2.9831336,-0.2703652,0.48990294,-0.14775227,0.36879346,-0.08133525,0.7046314,0.4591905,-0.60197055,0.47971782,-0.49358976,-0.71020347,0.6631394,-0.76186013,-0.51810247,0.7717808,-0.47987977,0.14546566,0.7460603,-0.22532426,-0.63257,0.57618266,0.50673014,-0.29266426,0.5168375,0.3504153,-0.64743125,0.4542166,0.24797116,-0.22010036,0.43214366,0.5541188,-0.72271365,-0.5995022,0.4881199,0.3458149,0.51112354,0.5614865,0.33557865,-0.5393119,-0.5826099,0.72875595,-0.7115418,0.75637573,0.40519208,0.2832676,0.5038748,0.6373318,-0.7542517,0.51061547,-0.56115466,-0.3864925,-0.55372244,0.53417826,-0.34043512,-0.012660217,0.53280604,-0.6129411,-0.5817915,-0.43708846,0.41855526,-0.7335802,0.705522,0.64570093,0.28549284,0.50566286,0.6156064,-0.5128925,-0.56843525,-0.61075634,-0.4319441,-0.73081064,0.6318669,-0.51397413,-0.66408587,-0.39260042,-0.29023674,-0.28375724,-0.54059684,0.4771305,0.5651238,0.48326012,0.6626242,0.4133572,-0.28387085,0.6628995,0.40818587,-0.6254108,0.60850745,-0.36347085,0.33301508,0.31662774,-0.6381771,0.692184,0.3494412,-0.3723165,-0.42156777,0.48070282,0.35033393,0.39290547,-0.1777644,-0.36669263,0.23759979,0.35612056
0.7355851,0.15324874,0.5008593,-0.35473222,-0.6000569,0.1347674,0.09545853,-0.08410544,0.23581527,-0.39730877,0.3008589,0.2526316,0.35073534,0.13309862,-0.5037097,0.021774173,-0.13790326,0.15532254,-0.9,-0.9,-0.9,-0.9,-0.9,-0.8883871,-0.89419353,-0.89419353,-0.9,-0.9,-0.9,-0.9,-0.16147375,-0.64686096,-0.49356735,-0.47147903,-0.6353606,-0.9,-0.5851507,-0.11947235,-0.0700189,-0.75402117,-0.59034234,-0.6551347,-0.5704174,-0.5565074,-0.2207641,0.6012596,0.21922362,0.47191757,-0.34925827,-0.57134324,0.10667546,0.08501127,0.040510852,0.34242782,-0.50701195,0.3803422,0.29072753,0.4421284,0.10505207,-0.5781572,-0.18606554,-0.2705383,0.1270551,-0.7008868,-0.7383779,-0.741716,-0.79862463,-0.8869939,-0.8771867,-0.8796204,-0.8700252,-0.90431374,-0.909844,-0.91577923,-0.905272,-0.039043944,-0.6607676,-0.50491434,-0.62480766,-0.6308993,-0.95971036,-0.55077624,-0.07382054,-0.10940699,-0.6798245,-0.45350844,-0.5960005,-0.5829008,-0.64456815,-0.20868848,3.1286001,-0.36018887,0.5337535,-0.13517804,0.37104273,-0.09001623,0.7031987,0.44121045,-0.6039136,0.46260232,-0.5030622,-0.71154326,0.65961426,-0.7575945,-0.53546566,0.7752138,-0.47638693,0.20883009,0.7495514,-0.28749332,-0.62265307,0.60860956,0.50699776,-0.27608413,0.5071914,0.33835566,-0.65304834,0.44764677,0.33266193,-0.19988796,0.42433447,0.5567932,-0.7386619,-0.601269,0.52601665,0.32809082,0.50544447,0.55977774,0.40679103,-0.5375655,-0.57397,0.7335391,-0.7154889,0.76147205,0.40603974,0.34598747,0.48567712,0.6386017,-0.76184237,0.5843107,-0.55833745,-0.4494087,-0.55912673,0.5521497,-0.41743258,0.020363621,0.51892006,-0.610579,-0.5740305,-0.411439,0.39316034,-0.7377725,0.7121597,0.64200926,0.29599026,0.49729887,0.6163727,-0.50164044,-0.5603267,-0.61576104,-0.42682716,-0.7339946,0.6401067,-0.5112078,-0.65472525,-0.42656767,-0.28889394,-0.2850614,-0.5248266,0.46575078,0.5547926,0.4730533,0.6773057,0.47015014,-0.2843141,0.658513,0.39070603,-0.6133949,0.6071089,-0.36429298,0.28472358,0.43221414,-0.63598895,0.7012128,0.36479944,-0.37027195,-0.42213303,0.47904244,0.34293753,0.39307803,-0.21028052,-0.36629078,0.26199743,0.3430985
0.61936504,0.15517019,0.50089765,-0.27052537,-0.5999609,0.13700962,0.09559407,-0.21805122,0.3036758,-0.47719547,0.17587683,0.22894736,0.40036768,0.012676046,-0.54145163,-0.030483868,-0.16548389,0.16983874,-0.9,-0.9,-0.9,-0.9,-0.9,-0.8883871,-0.89419353,-0.89419353,-0.9,-0.9,-0.9,-0.9,-0.16147375,-0.64686096,-0.49356735,-0.47147903,-0.6353606,-0.9,-0.5851507,-0.11947235,-0.0700189,-0.75402117,-0.59034234,-0.6551347,-0.5704174,-0.5565074,-0.2207641,0.5284993,0.21570103,0.47692162,-0.27730793,-0.5828058,0.10916618,0.08556493,0.015778568,0.3786984,-0.5421196,0.36410633,0.30950612,0.47186556,0.06506162,-0.60603166,-0.23208916,-0.29789278,0.11555748,-0.6394234,-0.67021835,-0.6857636,-0.7509461,-0.8776316,-0.86733,-0.87249804,-0.8647677,-0.903668,-0.9095992,-0.91329366,-0.90213543,-0.018596234,-0.6596234,-0.52488756,-0.62704813,-0.6319026,-0.9583753,-0.554674,-0.09708645,-0.0983548,-0.7326632,-0.4685968,-0.5795805,-0.5967005,-0.6521927,-0.22969577,3.2530198,-0.44457158,0.5765739,-0.12235469,0.36909592,-0.10291454,0.70062107,0.42121387,-0.6034453,0.44529477,-0.51242715,-0.7124386,0.6564651,-0.75281227,-0.55057794,0.7772164,-0.47384292,0.27234888,0.75304747,-0.34680316,-0.61276484,0.63460094,0.5061921,-0.26073566,0.4984542,0.32576868,-0.65809095,0.44336,0.40352854,-0.17822821,0.41725343,0.56013733,-0.7501594,-0.6020853,0.55488276,0.30899397,0.5005397,0.5576531,0.46948108,-0.53444004,-0.5640402,0.7374848,-0.71850777,0.76646775,0.40674824,0.40376866,0.4683082,0.6375387,-0.7690181,0.63863647,-0.5563436,-0.49887428,-0.5656331,0.5661243,-0.48429325,0.054680426,0.5049686,-0.6077418,-0.56706834,-0.3817224,0.36311996,-0.7416556,0.71737516,0.6379595,0.30927318,0.49059892,0.615874,-0.49078903,-0.5516651,-0.62112105,-0.42232376,-0.73682004,0.6484181,-0.50680035,-0.64510745,-0.45152983,-0.29116896,-0.2860539,-0.50872535,0.45418724,0.54274607,0.46247858,0.690777,0.51875156,-0.2876676,0.6527613,0.37175596,-0.60018736,0.60517883,-0.3660411,0.22857575,0.53089577,-0.632533,0.70859647,0.37888357,-0.36760667,-0.42271864,0.47750327,0.33551475,0.39339927,-0.242651,-0.36599183,0.28569975,0.3298145
0.48351848,0.16693911,0.50092316,-0.20818974,-0.59991825,0.13759528,0.09594643,-0.017731756,0.3354854,-0.4967422,0.28990686,0.2605263,0.49301472,-0.050704222,-0.66774195,-0.32951614,-0.3701613,0.011612905,-0.8753226,-0.8637097,-0.87096775,-0.86080647,-0.9,-0.8883871,-0.89419353,-0.89564514,-0.9,-0.9,-0.9,-0.9,-0.16147375,-0.64686096,-0.49356735,-0.47147903,-0.6353606,-0.9,-0.5851507,-0.11947235,-0.0700189,-0.75402117,-0.59034234,-0.6551347,-0.5704174,-0.5565074,-0.2207641,0.45829508,0.2103894,0.48834237,-0.21836908,-0.5944063,0.10862687,0.09051885,-0.0070397565,0.40397397,-0.56914943,0.3426151,0.31622416,0.49055323,0.022138648,-0.63952476,-0.2998457,-0.34744298,0.06871854,-0.58639824,-0.6065922,-0.6347109,-0.6999912,-0.8712674,-0.8601139,-0.86779225,-0.86253226,-0.90222365,-0.90736616,-0.9103742,-0.89909863,-0.010910629,-0.6642257,-0.5276158,-0.61997694,-0.63087535,-0.9550259,-0.5531169,-0.10722046,-0.09028028,-0.7715416,-0.48449132,-0.5739412,-0.6116259,-0.63973314,-0.24314407,3.355871,-0.5179987,0.61760706,-0.109442025,0.36426646,-0.11806323,0.69727474,0.3995342,-0.6018177,0.42889735,-0.52099085,-0.7130909,0.65436256,-0.74778587,-0.56347424,0.7786572,-0.4726521,0.3325929,0.7560745,-0.40146554,-0.60353786,0.6552151,0.5050766,-0.24580728,0.4915041,0.3122002,-0.6626325,0.44029143,0.4594346,-0.15604346,0.41102102,0.56425035,-0.75860834,-0.6024547,0.5760723,0.28988028,0.49592197,0.55635583,0.5211417,-0.53145057,-0.55328345,0.7407376,-0.72109956,0.7705954,0.40659195,0.45343608,0.4511163,0.63606447,-0.7754141,0.675949,-0.5555817,-0.53649855,-0.57269186,0.5765902,-0.53756994,0.08958165,0.49178544,-0.6054563,-0.5604367,-0.34887096,0.33091402,-0.74442667,0.72225386,0.63376206,0.32461327,0.48440406,0.6144828,-0.4810242,-0.5432159,-0.6263433,-0.41920727,-0.73889697,0.6557542,-0.501109,-0.63499737,-0.46920472,-0.29614586,-0.2867967,-0.49293008,0.44213557,0.5309259,0.45206264,0.7023012,0.5585727,-0.293786,0.6462668,0.35139564,-0.58644146,0.60375124,-0.36755413,0.16568628,0.6054195,-0.62873656,0.71474826,0.39167944,-0.3643928,-0.42324197,0.4761211,0.3281477,0.3938236,-0.27413872,-0.3657511,0.30825505,0.31638178
0.37422684,0.1806042,0.501038,-0.14450288,-0.5999289,0.13737775,0.09616324,-0.054153472,0.3974081,-0.59022665,0.26510373,0.27631578,0.59227943,-0.08239437,-0.72,-0.46741936,-0.4601613,-0.050806455,-0.6053226,-0.5516129,-0.62564516,-0.63580644,-0.9,-0.8883871,-0.89419353,-0.89419353,-0.9,-0.9,-0.9,-0.9,-0.16147375,-0.64686096,-0.49356735,-0.47147903,-0.6353606,-0.9,-0.5851507,-0.11947235,-0.0700189,-0.75402117,-0.59034234,-0.6551347,-0.5704174,-0.5565074,-0.2207641,0.39848337,0.21454345,0.5056299,-0.17924988,-0.6137219,0.102848314,0.08735802,-0.023026563,0.41532305,-0.58957267,0.32448298,0.3126917,0.5011315,-0.012906721,-0.666364,-0.3601592,-0.3847327,0.03830484,-0.53425163,-0.54700726,-0.58972496,-0.6512564,-0.86952895,-0.85816044,-0.86762744,-0.8646978,-0.90113896,-0.90587586,-0.9079193,-0.89800525,-0.035144206,-0.66687053,-0.53616846,-0.60904026,-0.6240017,-0.9504298,-0.5515348,-0.11493953,-0.0697001,-0.8018816,-0.5065232,-0.56602657,-0.6247885,-0.6310917,-0.26148674,3.4380014,-0.5795269,0.65612495,-0.09658439,0.35758066,-0.13378371,0.69348294,0.37721315,-0.5995318,0.41336697,-0.52706003,-0.7134723,0.6535796,-0.74255735,-0.5745306,0.77975404,-0.47300795,0.38743338,0.75859874,-0.44832805,-0.59571224,0.6709781,0.5036893,-0.23108783,0.48654306,0.2973098,-0.66749305,0.4389988,0.500055,-0.13407639,0.40586206,0.568178,-0.7643554,-0.6026089,0.5911738,0.2711337,0.4907214,0.55592084,0.5610331,-0.5282196,-0.540974,0.7432595,-0.72305,0.7736377,0.40483752,0.49396977,0.43400678,0.63419265,-0.781323,0.7003179,-0.556218,-0.56391674,-0.58032304,0.5842356,-0.57685876,0.12347752,0.48013708,-0.6034847,-0.55307513,-0.3134408,0.29831994,-0.74594516,0.72658056,0.62952846,0.34079918,0.47842196,0.6127465,-0.47266653,-0.5353929,-0.63142294,-0.41709673,-0.7400896,0.66227365,-0.4946552,-0.6240524,-0.48146623,-0.3032127,-0.28708023,-0.47783846,0.4305537,0.5200576,0.4424084,0.7122118,0.5901593,-0.30231094,0.63894355,0.32995695,-0.5719601,0.60274166,-0.36847377,0.09699098,0.6563371,-0.6256518,0.7201549,0.40319481,-0.36071566,-0.42363006,0.47491714,0.32091472,0.39428407,-0.30400014,-0.3655281,0.32924885,0.30289438
0.2849713,0.1892002,0.5011529,-0.08856089,-0.5999076,0.1368925,0.09621742,-0.030671068,0.47332704,-0.6552408,0.2663922,0.31578946,0.6419118,-0.10774646,-0.72145164,-0.4717742,-0.4616129,-0.03774195,-0.47032258,-0.43403226,-0.5283871,-0.56758064,-0.9,-0.8883871,-0.89564514,-0.89419353,-0.9,-0.9,-0.9,-0.9,-0.16147375,-0.64686096,-0.49356735,-0.47147903,-0.6353606,-0.9,-0.5851507,-0.11947235,-0.0700189,-0.75402117,-0.59034234,-0.6551347,-0.5704174,-0.5565074,-0.2207641,0.34928164,0.21996853,0.5156275,-0.14487141,-0.6275011,0.09309073,0.08851651,-0.03577607,0.4167167,-0.60120267,0.3016236,0.29875976,0.5049976,-0.042440996,-0.68355924,-0.40338993,-0.41294387,0.018113796,-0.4650576,-0.46727017,-0.5285472,-0.58577406,-0.86544603,-0.85391235,-0.86568564,-0.8665586,-0.90105927,-0.9041984,-0.9055659,-0.89811534,-0.06970006,-0.6880229,-0.55348223,-0.5819675,-0.62403786,-0.9464347,-0.5403477,-0.12353826,-0.04105918,-0.8170613,-0.53103256,-0.5651185,-0.6431412,-0.60746694,-0.26731965,3.5023286,-0.6326655,0.6915399,-0.083882675,0.3500355,-0.14884327,0.68935084,0.3543893,-0.5959474,0.39741763,-0.5304398,-0.7136176,0.654188,-0.7375084,-0.58377004,0.7804632,-0.4738335,0.4361339,0.76097256,-0.48509216,-0.5892334,0.6828586,0.5017265,-0.21723002,0.48290256,0.2805966,-0.67299783,0.4404817,0.5265323,-0.11073249,0.40075612,0.57166463,-0.76773566,-0.60230684,0.60147744,0.2518049,0.48487225,0.5557999,0.590451,-0.52445453,-0.52803177,0.7444771,-0.72418696,0.7760365,0.4017722,0.52647084,0.41781586,0.6314466,-0.78700155,0.71656644,-0.5574828,-0.58273757,-0.58722377,0.58993995,-0.60504836,0.15545897,0.46952006,-0.6010934,-0.5455415,-0.27674937,0.26578587,-0.7461678,0.7294075,0.6265165,0.35707477,0.47408038,0.6115502,-0.46571404,-0.5277073,-0.6356886,-0.41492048,-0.7411597,0.66897106,-0.48818764,-0.61305875,-0.4905465,-0.31100553,-0.28809234,-0.46451944,0.42027187,0.50866324,0.43445498,0.7203679,0.6143694,-0.311308,0.63103473,0.3077269,-0.5571587,0.6014082,-0.36853403,0.023165112,0.688882,-0.62327355,0.7251467,0.41347384,-0.35666344,-0.4238315,0.47388762,0.3138679,0.39470837,-0.33158958,-0.36529708,0.3483613,0.28940132
0.22093894,0.19716413,0.5011912,-0.046957985,-0.59991825,0.12225114,0.09619033,-0.094888285,0.4813855,-0.67776203,0.24352175,0.33157894,0.6551471,-0.101408444,-0.7272581,-0.4862903,-0.47032258,-0.04500001,-0.42387098,-0.40064517,-0.48919353,-0.54,-0.9,-0.8883871,-0.89419353,-0.89419353,-0.9,-0.9,-0.9,-0.9,-0.16147375,-0.64686096,-0.49356735,-0.47147903,-0.6353606,-0.9,-0.5851507,-0.11947235,-0.0700189,-0.75402117,-0.59034234,-0.6551347,-0.5704174,-0.5565074,-0.2207641,0.31620565,0.22501197,0.5196963,-0.12189567,-0.6377235,0.0825773,0.09168548,-0.042916045,0.4138602,-0.60484415,0.28662166,0.28818423,0.5041631,-0.059659123,-0.69277906,-0.424592,-0.42499623,0.014718159,-0.4048034,-0.39740467,-0.47707567,-0.5305093,-0.8629193,-0.85134697,-0.8647989,-0.86878574,-0.9004897,-0.9026224,-0.9030837,-0.897701,-0.09853139,-0.69966435,-0.57199836,-0.5555992,-0.6269165,-0.9412906,-0.53278166,-0.14012282,-0.019354623,-0.82895714,-0.54893386,-0.5690301,-0.6560184,-0.589429,-0.27220902,3.5541036,-0.67888784,0.7234771,-0.07139698,0.34303713,-0.16179097,0.6849521,0.33260554,-0.5906832,0.38168502,-0.5318318,-0.71392137,0.6565421,-0.7328732,-0.590634,0.7801375,-0.4755628,0.47721085,0.7634232,-0.5115262,-0.584457,0.6918553,0.4993942,-0.2044667,0.4805614,0.2627595,-0.67935133,0.4454153,0.542025,-0.08666323,0.39683634,0.57460916,-0.7702206,-0.6016801,0.6092754,0.23040842,0.47831813,0.5556749,0.61187387,-0.51972276,-0.5149827,0.7441364,-0.7248792,0.7789649,0.39692882,0.5521985,0.40408543,0.6278921,-0.7918635,0.7279804,-0.55914456,-0.5948908,-0.5938042,0.5948577,-0.62513375,0.18385495,0.46029747,-0.59730357,-0.53801805,-0.23980238,0.23289071,-0.7453531,0.7313136,0.6249477,0.37249088,0.4721692,0.61110234,-0.45966017,-0.51941794,-0.63962513,-0.4117093,-0.74209976,0.6762782,-0.48231512,-0.60306376,-0.49738193,-0.31930748,-0.28933015,-0.45402816,0.4120493,0.49694324,0.4280983,0.7276091,0.631585,-0.3196254,0.62304455,0.28508908,-0.54304385,0.59962296,-0.3676887,-0.05591797,0.7093882,-0.6219655,0.7299491,0.42258346,-0.35232472,-0.42383057,0.47300225,0.30703834,0.39504412,-0.35643506,-0.3650483,0.36541393,0.2759016
0.18192582,0.20436959,0.5010635,-0.022296598,-0.59988624,0.0625144,0.09589215,0.03642168,0.36008486,-0.5596317,0.2921617,0.31578946,0.5558824,-0.019014088,-0.7258065,-0.4746774,-0.4616129,-0.031935506,-0.4267742,-0.4035484,-0.495,-0.5487097,-0.9,-0.8883871,-0.89419353,-0.89419353,-0.9,-0.9,-0.9,-0.9,-0.16147375,-0.64686096,-0.49356735,-0.47147903,-0.6353606,-0.9,-0.5851507,-0.11947235,-0.0700189,-0.75402117,-0.59034234,-0.6551347,-0.5704174,-0.5565074,-0.2207641,0.29362336,0.22860472,0.51919,-0.101330325,-0.6421946,0.06518181,0.095010236,-0.048563555,0.40521222,-0.60059434,0.27211693,0.27672005,0.49869618,-0.06917213,-0.6998026,-0.43864313,-0.43275732,0.009011285,-0.37809062,-0.36578324,-0.45610532,-0.506394,-0.8658016,-0.85375917,-0.86772084,-0.8735216,-0.8996918,-0.90076506,-0.90078527,-0.8966971,-0.12113202,-0.7069484,-0.5833917,-0.5396726,-0.63044906,-0.9351017,-0.5330852,-0.15642045,-0.010557215,-0.8353869,-0.56486136,-0.57979524,-0.66597456,-0.57654977,-0.2750526,3.596369,-0.7190332,0.75180507,-0.059142396,0.3363486,-0.17260022,0.6801702,0.31204557,-0.5845334,0.3666145,-0.53228843,-0.71418583,0.65974045,-0.72840977,-0.595746,0.7793068,-0.47813976,0.51023084,0.765603,-0.5303805,-0.5806738,0.69892293,0.49753648,-0.1928437,0.47954395,0.24449736,-0.6851559,0.45193332,0.55034834,-0.061945967,0.39332503,0.5776246,-0.77193224,-0.60071915,0.6146307,0.20751312,0.47182944,0.55550635,0.6271989,-0.51459074,-0.5023246,0.7426535,-0.72509605,0.7820504,0.3910213,0.5723245,0.39240018,0.623942,-0.7956252,0.7367097,-0.5607622,-0.6026796,-0.5994726,0.59910583,-0.6393572,0.20868929,0.45195818,-0.59330845,-0.5314399,-0.20297879,0.20029375,-0.74439776,0.73249835,0.62429196,0.386754,0.4720831,0.61104167,-0.45464456,-0.5112999,-0.64283013,-0.40780938,-0.7431858,0.68298423,-0.47683698,-0.594166,-0.5023729,-0.32773727,-0.2907777,-0.44574675,0.40484118,0.48478964,0.42313468,0.7336789,0.6433103,-0.32700524,0.6152086,0.2627935,-0.53035474,0.59812796,-0.3658823,-0.13784558,0.7224201,-0.6210088,0.7340137,0.43060565,-0.34779975,-0.42363024,0.47223166,0.30041385,0.39525837,-0.37828648,-0.3647975,0.3803698,0.26234946
0.16352822,0.20605086,0.50089765,-0.010460007,-0.5996089,-0.04233444,0.09567524,0.010063855,0.19976439,-0.41473088,0.23160335,0.18157895,0.2911765,0.019014088,-0.7112903,-0.41661292,-0.41516128,0.023225784,-0.521129,-0.5037097,-0.585,-0.64741933,-0.9,-0.8883871,-0.89419353,-0.89419353,-0.9,-0.9,-0.9,-0.9,-0.16147375,-0.64686096,-0.49356735,-0.47147903,-0.6353606,-0.9,-0.5851507,-0.11947235,-0.0700189,-0.75402117,-0.59034234,-0.6551347,-0.5704174,-0.5565074,-0.2207641,0.2818971,0.23765658,0.51034147,-0.08547068,-0.64292485,0.038631562,0.09479449,-0.047352742,0.38676983,-0.586612,0.26485953,0.26633286,0.48865715,-0.0639257,-0.6951182,-0.42177215,-0.41244587,0.035735384,-0.3809171,-0.37119806,-0.46462306,-0.5195881,-0.8712005,-0.85923797,-0.8719972,-0.87827957,-0.8985818,-0.8990119,-0.8984425,-0.8949491,-0.12529361,-0.69952685,-0.5934938,-0.5415205,-0.6353973,-0.9278048,-0.5400455,-0.17790923,-0.016617378,-0.83743334,-0.5647863,-0.5973036,-0.6656193,-0.58162904,-0.2770201,3.6307712,-0.75282353,0.776593,-0.047123484,0.3295369,-0.18135229,0.6749965,0.29242674,-0.5787954,0.3521898,-0.53201205,-0.7141464,0.6628011,-0.7239779,-0.60009843,0.77887744,-0.48165494,0.5364298,0.76706606,-0.5443893,-0.5775,0.70406467,0.4968112,-0.18158248,0.47972292,0.22612746,-0.6897087,0.45818037,0.554403,-0.03654744,0.38955808,0.580809,-0.77270013,-0.59983283,0.6174187,0.18490402,0.4657411,0.55563533,0.6377229,-0.50950366,-0.49016923,0.7406012,-0.72501826,0.7842844,0.38481596,0.58767515,0.38121182,0.62022316,-0.79851824,0.7433171,-0.56215316,-0.6079664,-0.6040263,0.6025123,-0.64904755,0.23035273,0.44459286,-0.59024966,-0.525877,-0.16674505,0.17010255,-0.74349236,0.73322266,0.62378013,0.4000432,0.4721744,0.6110516,-0.450927,-0.50427127,-0.6451938,-0.40380773,-0.7444119,0.68795496,-0.471569,-0.585691,-0.50621194,-0.33562136,-0.2924347,-0.43849725,0.39782548,0.47256663,0.4199164,0.73837596,0.6515746,-0.33351335,0.6076795,0.24066308,-0.5189828,0.597498,-0.36300617,-0.2182535,0.73062885,-0.62012255,0.73713064,0.43762353,-0.34315968,-0.42325455,0.47154382,0.2939849,0.39534378,-0.3971169,-0.36456686,0.39329714,0.24871285
0.16352822,0.20605086,0.50089765,-0.010460007,-0.5996089,-0.04233444,0.09567524,0.010063855,0.19976439,-0.41473088,0.23160335,0.18157895,0.2911765,0.019014088,-0.7112903,-0.41661292,-0.41516128,0.023225784,-0.521129,-0.5037097,-0.585,-0.64741933,-0.9,-0.8883871,-0.89419353,-0.89419353,-0.9,-0.9,-0.9,-0.9,-0.16147375,-0.64686096,-0.49356735,-0.47147903,-0.6353606,-0.9,-0.5851507,-0.11947235,-0.0700189,-0.75402117,-0.59034234,-0.6551347,-0.5704174,-0.5565074,-0.2207641,0.28023672,0.2455901,0.5007892,-0.07507089,-0.63967526,0.009373867,0.09514448,-0.045144804,0.35685024,-0.56237984,0.2538817,0.24755327,0.47007748,-0.056633573,-0.69209397,-0.4077823,-0.39633963,0.04261199,-0.43377525,-0.42931047,-0.5131833,-0.57077837,-0.8811035,-0.8679017,-0.8783578,-0.883701,-0.89674354,-0.89542156,-0.8959011,-0.8919503,-0.1110914,-0.68121046,-0.5857431,-0.56438357,-0.6439618,-0.9163581,-0.5530589,-0.1910805,-0.04839996,-0.8337231,-0.5536321,-0.62734383,-0.65886277,-0.587232,-0.27345327,3.6597114,-0.7804488,0.7980487,-0.03534112,0.32204834,-0.18800105,0.66924727,0.2734985,-0.574118,0.33887094,-0.5322971,-0.7137079,0.66545415,-0.719693,-0.60377747,0.77903503,-0.48569068,0.5564253,0.7678644,-0.5560051,-0.57431746,0.707773,0.49756616,-0.17035626,0.48124635,0.20842694,-0.69238746,0.4624031,0.55725366,-0.010044734,0.3850093,0.58501655,-0.77289104,-0.5991829,0.6178171,0.16419953,0.46107417,0.5562268,0.6446959,-0.5055524,-0.47969475,0.7383175,-0.72504187,0.7858721,0.37941632,0.59902966,0.36968157,0.61758965,-0.8005417,0.7488509,-0.56272763,-0.61221445,-0.6066022,0.6055086,-0.655624,0.24980468,0.43767712,-0.58912885,-0.5225149,-0.13209234,0.14341986,-0.7427124,0.7337839,0.6236134,0.41306362,0.4716633,0.6110852,-0.4487587,-0.49868333,-0.6465715,-0.4002996,-0.7462073,0.69081044,-0.4661411,-0.57772183,-0.5091952,-0.34207073,-0.29445478,-0.43196517,0.38977498,0.46023455,0.41850597,0.7416065,0.65737695,-0.3391481,0.60095876,0.21863347,-0.5095738,0.598092,-0.35855883,-0.29256132,0.73583204,-0.61860245,0.73919225,0.44371915,-0.33845323,-0.4227383,0.4709152,0.28775,0.3953023,-0.4130697,-0.3643721,0.40432516,0.23498067
0.16352822,0.20605086,0.50089765,-0.010460007,-0.5996089,-0.04233444,0.09567524,0.010063855,0.19976439,-0.41473088,0.23160335,0.18157895,0.2911765,0.019014088,-0.7112903,-0.41661292,-0.41516128,0.023225784,-0.521129,-0.5037097,-0.585,-0.64741933,-0.9,-0.8883871,-0.89419353,-0.89419353,-0.9,-0.9,-0.9,-0.9,-0.16147375,-0.64686096,-0.49356735,-0.47147903,-0.6353606,-0.9,-0.5851507,-0.11947235,-0.0700189,-0.75402117,-0.59034234,-0.6551347,-0.5704174,-0.5565074,-0.2207641,0.27591875,0.24672593,0.5009143,-0.07063699,-0.6381249,-0.0030212163,0.09189967,-0.043792296,0.3413096,-0.5509707,0.24834335,0.23787391,0.45956543,-0.05617703,-0.69243026,-0.40444294,-0.39229625,0.041679304,-0.45889372,-0.45706034,-0.5366685,-0.5944861,-0.8862036,-0.8715147,-0.8810842,-0.8860513,-0.8955563,-0.893313,-0.89477694,-0.8907225,-0.10335068,-0.66834116,-0.57536376,-0.57391644,-0.64919865,-0.9119861,-0.5578492,-0.19364834,-0.07043975,-0.82877684,-0.54861397,-0.6355792,-0.65571916,-0.5868688,-0.27203706,3.6837254,-0.79980075,0.81648374,-0.02380928,0.31322616,-0.19249909,0.6631578,0.254909,-0.57198197,0.3269004,-0.5324583,-0.71280897,0.66734344,-0.71546155,-0.6074468,0.7803406,-0.49018767,0.5713593,0.767628,-0.56703067,-0.57126045,0.70970637,0.50002855,-0.15826504,0.4841083,0.19165908,-0.69337046,0.46325502,0.5608718,0.016582152,0.37953636,0.5897769,-0.7723197,-0.59913146,0.61602724,0.1482302,0.45775548,0.5577613,0.64865994,-0.5034547,-0.4706468,0.7366442,-0.725285,0.78593,0.37493798,0.6066524,0.35612607,0.6169368,-0.8019366,0.75294256,-0.56269187,-0.616532,-0.60757965,0.60779095,-0.65913516,0.26740956,0.43152195,-0.59092635,-0.52051145,-0.09920814,0.122634724,-0.74172145,0.73483926,0.6230865,0.4261724,0.46855113,0.610813,-0.44838682,-0.49558434,-0.64740646,-0.39837006,-0.7481995,0.6908127,-0.4601082,-0.5688564,-0.511499,-0.34637898,-0.29603022,-0.4251141,0.38001567,0.44960335,0.41897544,0.74352926,0.66228604,-0.34484813,0.5951893,0.19599585,-0.5013745,0.60055447,-0.35230714,-0.35582167,0.7388421,-0.61646384,0.7403472,0.44896328,-0.33372912,-0.42212948,0.47033134,0.28171977,0.3951537,-0.4264148,-0.36422187,0.41363478,0.22116554
0.16352822,0.20605086,0.50089765,-0.010460007,-0.5996089,-0.04233444,0.09567524,0.010063855,0.19976439,-0.41473088,0.23160335,0.18157895,0.2911765,0.019014088,-0.7112903,-0.41661292,-0.41516128,0.023225784,-0.521129,-0.5037097,-0.585,-0.64741933,-0.9,-0.8883871,-0.89419353,-0.89419353,-0.9,-0.9,-0.9,-0.9,-0.16147375,-0.64686096,-0.49356735,-0.47147903,-0.6353606,-0.9,-0.5851507,-0.11947235,-0.0700189,-0.75402117,-0.59034234,-0.6551347,-0.5704174,-0.5565074,-0.2207641,0.2718081,0.24671966,0.5038192,-0.07079934,-0.637005,-0.009643077,0.08929713,-0.042054497,0.3326934,-0.5457438,0.24591371,0.23266336,0.4534865,-0.057896256,-0.69286025,-0.40378237,-0.39097974,0.040854983,-0.47132817,-0.47040552,-0.548102,-0.6048385,-0.88830125,-0.8723596,-0.8817009,-0.8865016,-0.89483213,-0.892107,-0.89426184,-0.8902901,-0.09984282,-0.6582141,-0.5667286,-0.57939667,-0.651864,-0.9098928,-0.5595829,-0.19168141,-0.08259626,-0.82413596,-0.5465377,-0.6360157,-0.6544765,-0.58541447,-0.27124566,3.7036731,-0.8141688,0.832239,-0.012543626,0.30404085,-0.19589281,0.6576634,0.23777132,-0.5712179,0.31566328,-0.5320682,-0.7119103,0.668665,-0.7112682,-0.61066806,0.78153336,-0.49465474,0.5826531,0.76745546,-0.57629865,-0.5681562,0.7104817,0.5033756,-0.14679311,0.48773342,0.1759157,-0.69379926,0.4625945,0.5639583,0.042478465,0.3743806,0.5942873,-0.77179897,-0.59935576,0.6137025,0.13504182,0.45430738,0.5591651,0.6507881,-0.5022925,-0.4625708,0.734967,-0.72548395,0.7857607,0.37105587,0.6117192,0.34211573,0.61693954,-0.8029605,0.7559887,-0.5626217,-0.62034065,-0.6078227,0.6093572,-0.6610265,0.28255528,0.42533705,-0.59350365,-0.51846224,-0.06746944,0.10544038,-0.74081,0.7357397,0.62218237,0.43819588,0.46467987,0.6105423,-0.44943026,-0.49328843,-0.64815664,-0.39687595,-0.75017977,0.69009346,-0.4545873,-0.56018865,-0.51337945,-0.3491308,-0.29702753,-0.41845933,0.3698228,0.44007206,0.4201012,0.74521875,0.66620886,-0.34913078,0.59031564,0.17362198,-0.49461198,0.602797,-0.34603605,-0.40769488,0.74098766,-0.6143961,0.74125874,0.4534225,-0.32903183,-0.42146888,0.46979,0.27590668,0.3949125,-0.43747532,-0.36411628,0.42141142,0.20730151
0.16352822,0.20605086,0.50089765,-0.010460007,-0.5996089,-0.04233444,0.09567524,0.010063855,0.19976439,-0.41473088,0.23160335,0.18157895,0.2911765,0.019014088,-0.7112903,-0.41661292,-0.41516128,0.023225784,-0.521129,-0.5037097,-0.585,-0.64741933,-0.9,-0.8883871,-0.89419353,-0.89419353,-0.9,-0.9,-0.9,-0.9,-0.16147375,-0.64686096,-0.49356735,-0.47147903,-0.6353606,-0.9,-0.5851507,-0.11947235,-0.0700189,-0.75402117,-0.59034234,-0.6551347,-0.5704174,-0.5565074,-0.2207641,0.26884353,0.24679355,0.5071705,-0.07361879,-0.6357295,-0.014193029,0.087979585,-0.0400272,0.32749218,-0.5434194,0.24482597,0.22954431,0.45005172,-0.06014093,-0.6927064,-0.40367046,-0.3901826,0.04120181,-0.47731256,-0.4763165,-0.5531886,-0.60825616,-0.88891244,-0.87204087,-0.881419,-0.8861178,-0.8944745,-0.89141,-0.8940699,-0.89025235,-0.098354705,-0.65114033,-0.5600741,-0.58360636,-0.65329003,-0.9085585,-0.56026995,-0.1879924,-0.08837753,-0.8200593,-0.5461296,-0.6341754,-0.6539742,-0.5834319,-0.27015156,3.7201552,-0.8251184,0.8456763,-0.0015335826,0.29508364,-0.19851764,0.6530796,0.22211164,-0.5711485,0.30477014,-0.5311113,-0.7111086,0.66953516,-0.70728314,-0.6134507,0.7824275,-0.49883556,0.5912929,0.76752067,-0.5837746,-0.5650102,0.71071243,0.507023,-0.13643865,0.49156648,0.1610336,-0.69405323,0.46117166,0.5661434,0.06698214,0.36975515,0.5982926,-0.77164036,-0.5995244,0.6114518,0.12347366,0.45043185,0.560264,0.651823,-0.5016172,-0.45524177,0.7333075,-0.7255248,0.785625,0.36749047,0.61511785,0.32856315,0.6171729,-0.8036903,0.75832504,-0.56267315,-0.6235908,-0.6077429,0.6100591,-0.66219723,0.29533297,0.41883272,-0.59591717,-0.5160326,-0.036650382,0.09056245,-0.7398846,0.73642486,0.6210024,0.44864425,0.46079084,0.61037695,-0.45146003,-0.49110988,-0.6489666,-0.39545166,-0.75187033,0.68934816,-0.44979778,-0.55213684,-0.5150708,-0.35067165,-0.2975014,-0.41213498,0.35966986,0.4314256,0.42124662,0.7467833,0.6692751,-0.35161307,0.586204,0.15208045,-0.48902956,0.6043049,-0.34030575,-0.44865844,0.74275565,-0.61264944,0.7421281,0.4571804,-0.324412,-0.42077735,0.46928608,0.27030113,0.394589,-0.4465724,-0.3640413,0.4278632,0.19340684
0.16352822,0.20605086,0.50089765,-0.010460007,-0.5996089,-0.04233444,0.09567524,0.010063855,0.19976439,-0.41473088,0.23160335,0.18157895,0.2911765,0.019014088,-0.7112903,-0.41661292,-0.41516128,0.023225784,-0.521129,-0.5037097,-0.585,-0.64741933,-0.9,-0.8883871,-0.89419353,-0.89419353,-0.9,-0.9,-0.9,-0.9,-0.16147375,-0.64686096,-0.49356735,-0.47147903,-0.6353606,-0.9,-0.5851507,-0.11947235,-0.0700189,-0.75402117,-0.59034234,-0.6551347,-0.5704174,-0.5565074,-0.2207641,0.2667149,0.24713154,0.51031816,-0.07757527,-0.63421,-0.017910503,0.08760628,-0.03784267,0.3239759,-0.5424032,0.24429485,0.22741956,0.44814384,-0.062247187,-0.69204426,-0.40368548,-0.38958877,0.042101588,-0.47997513,-0.47841853,-0.5549694,-0.6081331,-0.8888955,-0.8713763,-0.8808782,-0.885479,-0.89436173,-0.8909639,-0.8940411,-0.8903986,-0.09780232,-0.6467448,-0.554982,-0.587226,-0.65414345,-0.9075167,-0.5606125,-0.18359554,-0.09054076,-0.81644,-0.546608,-0.632062,-0.6536701,-0.58114815,-0.26857397,3.7337377,-0.8335873,0.85714084,0.009239294,0.2866701,-0.20045228,0.64938825,0.2076827,-0.57143277,0.29405728,-0.5297435,-0.71038914,0.67007804,-0.70358723,-0.61588186,0.78309315,-0.5026366,0.59797156,0.7677638,-0.5897836,-0.5618882,0.71071106,0.51064265,-0.12728702,0.4952696,0.14687054,-0.69424874,0.45936468,0.5674769,0.0897289,0.36561358,0.6017529,-0.77183753,-0.5995172,0.609495,0.112860136,0.44619012,0.56112194,0.65223247,-0.50116193,-0.4485279,0.7317482,-0.72541815,0.7855336,0.36406818,0.6174365,0.3158586,0.61749876,-0.8041904,0.76016676,-0.56284714,-0.6263912,-0.60753465,0.6099768,-0.66309726,0.3060182,0.41199592,-0.5978413,-0.51325935,-0.006687277,0.07728984,-0.738915,0.7369345,0.6196572,0.457445,0.4571081,0.61032635,-0.45406893,-0.48882103,-0.6498594,-0.39395916,-0.7531842,0.6887196,-0.44566464,-0.5447801,-0.51671296,-0.35125402,-0.2975406,-0.40612194,0.34976014,0.42355534,0.4221486,0.7481804,0.67165333,-0.3523544,0.58269894,0.13166313,-0.4843002,0.6050965,-0.33524364,-0.48000202,0.7443183,-0.6112743,0.7429909,0.4603209,-0.31991765,-0.42006862,0.46881124,0.26488966,0.39419135,-0.45400652,-0.36397633,0.43319315,0.17949474
0.16352822,0.20605086,0.50089765,-0.010460007,-0.5996089,-0.04233444,0.09567524,0.010063855,0.19976439,-0.41473088,0.23160335,0.18157895,0.2911765,0.019014088,-0.7112903,-0.41661292,-0.41516128,0.023225784,-0.521129,-0.5037097,-0.585,-0.64741933,-0.9,-0.8883871,-0.89419353,-0.89419353,-0.9,-0.9,-0.9,-0.9,-0.16147375,-0.64686096,-0.49356735,-0.47147903,-0.6353606,-0.9,-0.5851507,-0.11947235,-0.0700189,-0.75402117,-0.59034234,-0.6551347,-0.5704174,-0.5565074,-0.2207641,0.2650038,0.24766554,0.5131161,-0.08174847,-0.6324974,-0.021215742,0.087760076,-0.035594277,0.3213193,-0.5419399,0.24402873,0.22584918,0.44709158,-0.063951805,-0.69106644,-0.40374628,-0.38917586,0.04303877,-0.4809553,-0.47864926,-0.55510426,-0.60633206,-0.8886758,-0.8707276,-0.88036406,-0.8848486,-0.894395,-0.8906341,-0.8940869,-0.8906129,-0.09768732,-0.64429337,-0.55104613,-0.5904133,-0.65469724,-0.90661854,-0.56086415,-0.17897438,-0.09081319,-0.8131525,-0.5474912,-0.63026184,-0.65336925,-0.5788374,-0.2666697,3.7449133,-0.84022224,0.8669479,0.019796325,0.2789526,-0.20172599,0.6464387,0.19422208,-0.5718934,0.28345507,-0.52814656,-0.7097112,0.67040163,-0.70017874,-0.61804163,0.78361076,-0.5060494,0.6031918,0.7680952,-0.5946863,-0.5588412,0.71060145,0.5140732,-0.1192747,0.49867526,0.13333511,-0.6944061,0.45738322,0.56812406,0.11056576,0.36182857,0.60470265,-0.7722747,-0.59933335,0.60787755,0.1028383,0.44171998,0.5618275,0.652292,-0.5007642,-0.44233897,0.73031944,-0.7252093,0.7854506,0.36070192,0.6190534,0.3041113,0.61786056,-0.80451214,0.7616433,-0.56308913,-0.62885064,-0.6072811,0.60928524,-0.663927,0.31492397,0.40491092,-0.5992345,-0.51027244,0.02239217,0.065202475,-0.73792285,0.737309,0.6182262,0.46472773,0.45365825,0.61034405,-0.45692965,-0.48638657,-0.6508098,-0.39233053,-0.7541421,0.68817914,-0.4420347,-0.53805614,-0.5183552,-0.3510771,-0.29723477,-0.40034997,0.3401764,0.4163694,0.42273596,0.74937564,0.6734961,-0.35158563,0.5796475,0.11249697,-0.4801483,0.6053265,-0.33082342,-0.50345176,0.74572235,-0.61023384,0.7438329,0.46292347,-0.31558695,-0.41935283,0.46835655,0.25965878,0.3937267,-0.46005157,-0.36390206,0.43758568,0.16557395
0.16352822,0.20605086,0.50089765,-0.010460007,-0.5996089,-0.04233444,0.09567524,0.010063855,0.19976439,-0.41473088,0.23160335,0.18157895,0.2911765,0.019014088,-0.7112903,-0.41661292,-0.41516128,0.023225784,-0.521129,-0.5037097,-0.585,-0.64741933,-0.9,-0.8883871,-0.89419353,-0.89419353,-0.9,-0.9,-0.9,-0.9,-0.16147375,-0.64686096,-0.49356735,-0.47147903,-0.6353606,-0.9,-0.5851507,-0.11947235,-0.0700189,-0.75402117,-0.59034234,-0.6551347,-0.5704174,-0.5565074,-0.2207641,0.26344645,0.24829376,0.51556754,-0.08566036,-0.6306678,-0.024243267,0.08813772,-0.03335743,0.31913322,-0.54168046,0.24391855,0.22465633,0.44650376,-0.06519563,-0.68993735,-0.4038356,-0.38892922,0.043773882,-0.48112994,-0.4780522,-0.5544985,-0.6038803,-0.8884461,-0.87022746,-0.87998,-0.884326,-0.89450735,-0.8903594,-0.8941613,-0.89083403,-0.09778474,-0.6430804,-0.54795295,-0.59323615,-0.6550647,-0.90581,-0.5611194,-0.1744248,-0.09020537,-0.8101133,-0.5485033,-0.6288446,-0.6530274,-0.57672584,-0.26465765,3.7540915,-0.84550416,0.87537783,0.030160135,0.27197984,-0.20238012,0.64405453,0.18151288,-0.5724314,0.2729247,-0.5264727,-0.70903695,0.6705797,-0.69701767,-0.6199888,0.7840319,-0.5090993,0.6073255,0.76844686,-0.59877884,-0.5558889,0.7104227,0.5172471,-0.11229511,0.50171834,0.12037542,-0.6945151,0.45534474,0.56824833,0.12947364,0.35826045,0.6072008,-0.7728312,-0.59901315,0.60656327,0.09322173,0.4371516,0.56243825,0.65215296,-0.5003288,-0.43660316,0.72901154,-0.72493744,0.78534377,0.35736367,0.6202092,0.2932921,0.6182209,-0.8046957,0.7628403,-0.5633347,-0.63104564,-0.60700965,0.6081583,-0.66476625,0.32234958,0.39767468,-0.60016525,-0.5072017,0.05051239,0.05403866,-0.73694426,0.73757225,0.61676013,0.47070295,0.45040807,0.6103689,-0.45980796,-0.4838401,-0.651777,-0.39052874,-0.7548042,0.6876673,-0.43875238,-0.53185904,-0.51999295,-0.35030296,-0.29666817,-0.39474073,0.33093905,0.40976882,0.4230298,0.75036293,0.67492414,-0.3495829,0.57691455,0.09461662,-0.4763706,0.6051538,-0.3269683,-0.5207842,0.74697495,-0.6094592,0.7446312,0.46506214,-0.3114452,-0.41863725,0.4679136,0.2545959,0.39320195,-0.46495065,-0.36380404,0.44120175,0.15164839
0.16352822,0.20605086,0.50089765,-0.010460007,-0.5996089,-0.04233444,0.09567524,0.010063855,0.19976439,-0.41473088,0.23160335,0.18157895,0.2911765,0.019014088,-0.7112903,-0.41661292,-0.41516128,0.023225784,-0.521129,-0.5037097,-0.585,-0.64741933,-0.9,-0.8883871,-0.89419353,-0.89419353,-0.9,-0.9,-0.9,-0.9,-0.16147375,-0.64686096,-0.49356735,-0.47147903,-0.6353606,-0.9,-0.5851507,-0.11947235,-0.0700189,-0.75402117,-0.59034234,-0.6551347,-0.5704174,-0.5565074,-0.2207641,0.26191688,0.24894065,0.51772654,-0.089108326,-0.6287938,-0.02702268,0.08855073,-0.031190729,0.31723034,-0.54147357,0.24391389,0.22375238,0.4461556,-0.06602095,-0.6887718,-0.40395406,-0.388824,0.044234008,-0.48096973,-0.47718307,-0.5536374,-0.6013281,-0.88828117,-0.8699006,-0.8797437,-0.88393193,-0.8946571,-0.8901141,-0.8942415,-0.8910331,-0.097990446,-0.6425624,-0.5454662,-0.5957526,-0.65529937,-0.9050671,-0.56140906,-0.17012596,-0.089287065,-0.80727077,-0.5494953,-0.62772524,-0.6526501,-0.5749444,-0.2627092,3.7616036,-0.8497944,0.8826734,0.040353213,0.26573563,-0.20247492,0.64207846,0.16938815,-0.5729885,0.2624369,-0.5248296,-0.7083395,0.67065495,-0.6940553,-0.6217627,0.78438574,-0.5118207,0.6106494,0.7687774,-0.6022788,-0.55302805,0.71018267,0.5201463,-0.10623876,0.5043896,0.10796382,-0.69456154,0.45331264,0.56798023,0.14651352,0.3547882,0.6093099,-0.77341586,-0.59860134,0.605485,0.08392452,0.43258485,0.562979,0.6518945,-0.4998052,-0.4312588,0.727799,-0.724628,0.7851933,0.3540586,0.6210562,0.28330958,0.6185496,-0.8047734,0.7638204,-0.5635307,-0.6330253,-0.60672426,0.60673505,-0.6656398,0.32856065,0.39036682,-0.6007312,-0.50414854,0.077578224,0.043629702,-0.7360109,0.7377371,0.6152917,0.47559756,0.44731694,0.61034924,-0.4625515,-0.48123083,-0.65272224,-0.38853756,-0.7552361,0.68713695,-0.43568596,-0.5260807,-0.5216001,-0.3490641,-0.29591623,-0.38922545,0.32203597,0.40365204,0.42308992,0.7511565,0.6760283,-0.34660944,0.5743907,0.078004375,-0.4728265,0.60470676,-0.32359037,-0.5335743,0.7480777,-0.6088778,0.7453684,0.46680477,-0.30750522,-0.41792667,0.46747515,0.24968946,0.39262396,-0.4689142,-0.36367357,0.44417816,0.13771765
0.16352822,0.20605086,0.50089765,-0.010460007,-0.5996089,-0.04233444,0.09567524,0.010063855,0.19976439,-0.41473088,0.23160335,0.18157895,0.2911765,0.019014088,-0.7112903,-0.41661292,-0.41516128,0.023225784,-0.521129,-0.5037097,-0.585,-0.64741933,-0.9,-0.8883871,-0.89419353,-0.89419353,-0.9,-0.9,-0.9,-0.9,-0.16147375,-0.64686096,-0.49356735,-0.47147903,-0.6353606,-0.9,-0.5851507,-0.11947235,-0.0700189,-0.75402117,-0.59034234,-0.6551347,-0.5704174,-0.5565074,-0.2207641,0.26036966,0.2495658,0.5196627,-0.092048205,-0.62693596,-0.029549487,0.08889348,-0.029133085,0.31551623,-0.54126245,0.24398321,0.22307557,0.4459197,-0.06650981,-0.6876406,-0.4041086,-0.38883454,0.04442284,-0.48072082,-0.476325,-0.55276775,-0.598948,-0.88819885,-0.8697271,-0.87963635,-0.8836534,-0.89481926,-0.8898879,-0.8943168,-0.8911987,-0.09825436,-0.64236337,-0.5434076,-0.5980135,-0.6554291,-0.9043764,-0.5617347,-0.16616832,-0.08836308,-0.8045911,-0.5503898,-0.626797,-0.6522505,-0.57353854,-0.26092747,3.767717,-0.85336137,0.88904154,0.05039731,0.26016676,-0.20208132,0.6403863,0.15772267,-0.57353044,0.25196695,-0.5232834,-0.70760316,0.67065,-0.691248,-0.6233891,0.7846889,-0.51424694,0.6133694,0.76906526,-0.60533965,-0.5502443,0.70988125,0.52277714,-0.101007454,0.5067089,0.096085474,-0.6945362,0.45131856,0.5674162,0.16179095,0.3513203,0.6110873,-0.77397054,-0.59813434,0.6045729,0.074915916,0.42808715,0.56345385,0.65155643,-0.49917227,-0.42625234,0.72665524,-0.7242954,0.7849902,0.3508059,0.6216906,0.27405,0.6188236,-0.80477107,0.76463157,-0.56364185,-0.6348221,-0.6064222,0.6051163,-0.6665486,0.3337829,0.3830434,-0.60102576,-0.50118226,0.103492044,0.03386382,-0.73514384,0.7378125,0.6138424,0.47962248,0.44435287,0.61025023,-0.46507132,-0.47860318,-0.65361685,-0.3863568,-0.75549597,0.68656087,-0.4327337,-0.5206267,-0.52314806,-0.34746817,-0.2950428,-0.38375077,0.31343916,0.39792478,0.42298624,0.75178117,0.6768768,-0.34289128,0.5719936,0.062613405,-0.46942204,0.60407984,-0.3206062,-0.5430907,0.7490364,-0.60842615,0.74603534,0.46821257,-0.30376947,-0.41722387,0.46703517,0.24492875,0.3919996,-0.47212064,-0.363507,0.4466293,0.12377822
0.16352822,0.20605086,0.50089765,-0.010460007,-0.5996089,-0.04233444,0.09567524,0.010063855,0.19976439,-0.41473088,0.23160335,0.18157895,0.2911765,0.019014088,-0.7112903,-0.41661292,-0.41516128,0.023225784,-0.521129,-0.5037097,-0.585,-0.64741933,-0.9,-0.8883871,-0.89419353,-0.89419353,-0.9,-0.9,-0.9,-0.9,-0.16147375,-0.64686096,-0.49356735,-0.47147903,-0.6353606,-0.9,-0.5851507,-0.11947235,-0.0700189,-0.75402117,-0.59034234,-0.6551347,-0.5704174,-0.5565074,-0.2207641,0.258799,0.25015497,0.5214446,-0.09451525,-0.62514,-0.031811886,0.08911369,-0.02720412,0.31394002,-0.54103434,0.24410431,0.22257575,0.4457264,-0.06674891,-0.68658173,-0.40430677,-0.38893887,0.044374697,-0.48050338,-0.47560757,-0.5520027,-0.5968535,-0.8881917,-0.8696722,-0.87962776,-0.88346577,-0.89497906,-0.8896761,-0.8943821,-0.8913286,-0.09855008,-0.6422434,-0.5416439,-0.60005987,-0.65547067,-0.9037289,-0.5620852,-0.16258042,-0.087581314,-0.80204993,-0.551149,-0.62597257,-0.651837,-0.5724991,-0.25935823,3.772647,-0.8563979,0.89465547,0.06031234,0.2552027,-0.20127182,0.6388868,0.1464236,-0.5740375,0.24149385,-0.5218676,-0.70682114,0.6705768,-0.68856114,-0.6248853,0.78495145,-0.5164079,0.61563843,0.76930255,-0.60806775,-0.5475202,0.7095183,0.5251573,-0.09651793,0.50870967,0.0847312,-0.6944366,0.4493757,0.5666254,0.17543377,0.34779477,0.6125826,-0.77446353,-0.597638,0.60376704,0.06619351,0.4236982,0.5638571,0.651159,-0.49842727,-0.42153826,0.7255581,-0.72394764,0.78473186,0.34762713,0.6221735,0.26539847,0.6190282,-0.80470943,0.7653105,-0.5636504,-0.6364599,-0.6061014,0.6033711,-0.6674846,0.33820316,0.37573954,-0.6011266,-0.49834362,0.1281642,0.024664316,-0.73435384,0.73780733,0.6124268,0.4829591,0.4414947,0.6100535,-0.46732408,-0.47599056,-0.654444,-0.38399804,-0.7556305,0.68592775,-0.4298224,-0.5154201,-0.5246139,-0.34560108,-0.2940989,-0.3782789,0.3051143,0.39250675,0.4227841,0.7522647,0.6775217,-0.3386109,0.5696653,0.04838218,-0.46609613,0.60333925,-0.31794223,-0.5502923,0.7498618,-0.60805506,0.74662995,0.46933976,-0.30023286,-0.41653007,0.46658924,0.24030405,0.39133567,-0.47471845,-0.3633043,0.44864982,0.109824836
0.16352822,0.20605086,0.50089765,-0.010460007,-0.5996089,-0.04233444,0.09567524,0.010063855,0.19976439,-0.41473088,0.23160335,0.18157895,0.2911765,0.019014088,-0.7112903,-0.41661292,-0.41516128,0.023225784,-0.521129,-0.5037097,-0.585,-0.64741933,-0.9,-0.8883871,-0.89419353,-0.89419353,-0.9,-0.9,-0.9,-0.9,-0.16147375,-0.64686096,-0.49356735,-0.47147903,-0.6353606,-0.9,-0.5851507,-0.11947235,-0.0700189,-0.75402117,-0.59034234,-0.6551347,-0.5704174,-0.5565074,-0.2207641,0.2572137,0.25071043,0.523132,-0.09657795,-0.6234371,-0.033801444,0.089191906,-0.025409013,0.31247228,-0.5407954,0.24426101,0.22221151,0.44553965,-0.06681399,-0.68561083,-0.4045534,-0.38911936,0.044130344,-0.48036715,-0.4750761,-0.55138093,-0.5950701,-0.888243,-0.8697013,-0.87968796,-0.8833435,-0.89512867,-0.8894761,-0.89443576,-0.89142483,-0.09886208,-0.64205927,-0.54007715,-0.60192245,-0.6554339,-0.9031182,-0.56244504,-0.15935369,-0.087000035,-0.79962856,-0.55175626,-0.6251905,-0.6514117,-0.5717864,-0.2580104,3.7765684,-0.85903925,0.8996596,0.07011593,0.25076842,-0.20011404,0.63751644,0.13542265,-0.57449967,0.23100047,-0.52059317,-0.7059926,0.6704426,-0.68596923,-0.626264,0.7851803,-0.51832944,0.6175694,0.7694889,-0.6105378,-0.54484004,0.7090959,0.527309,-0.09270118,0.51043004,0.07389356,-0.6942653,0.44748688,0.56565773,0.18757854,0.34417436,0.61383706,-0.7748812,-0.59712946,0.6030217,0.057767533,0.41943696,0.5641808,0.6507131,-0.49757832,-0.41707867,0.7244913,-0.72358924,0.7844204,0.34454027,0.62254405,0.257249,0.619157,-0.80460423,0.76588523,-0.5635521,-0.6379581,-0.6057624,0.6015451,-0.66843724,0.34197333,0.36847427,-0.6010939,-0.49565238,0.15151964,0.015975844,-0.7336437,0.7377314,0.6110547,0.48575592,0.43872994,0.6097531,-0.46929705,-0.4734152,-0.65519696,-0.3814802,-0.7556754,0.68523663,-0.4269024,-0.5104006,-0.5259833,-0.34353042,-0.2931232,-0.3727855,0.297026,0.38733372,0.42253768,0.7526337,0.6780035,-0.33390927,0.56736773,0.03524352,-0.46281028,0.6025297,-0.31553638,-0.5558734,0.7505678,-0.60772884,0.74715495,0.47023353,-0.2968851,-0.41584548,0.46613413,0.23580654,0.3906386,-0.47682944,-0.363068,0.4503176,0.09585192
0.16352822,0.20605086,0.50089765,-0.010460007,-0.5996089,-0.04233444,0.09567524,0.010063855,0.19976439,-0.41473088,0.23160335,0.18157895,0.2911765,0.019014088,-0.7112903,-0.41661292,-0.41516128,0.023225784,-0.521129,-0.5037097,-0.585,-0.64741933,-0.9,-0.8883871,-0.89419353,-0.89419353,-0.9,-0.9,-0.9,-0.9,-0.16147375,-0.64686096,-0.49356735,-0.47147903,-0.6353606,-0.9,-0.5851507,-0.11947235,-0.0700189,-0.75402117,-0.59034234,-0.6551347,-0.5704174,-0.5565074,-0.2207641,0.25562605,0.2512417,0.52477247,-0.09831121,-0.62184614,-0.035516635,0.08912657,-0.023743393,0.31109527,-0.54055744,0.24444231,0.22194983,0.4453429,-0.06676473,-0.6847303,-0.40484992,-0.3893621,0.043728456,-0.4803249,-0.4747319,-0.55090314,-0.5935799,-0.88833535,-0.86978555,-0.879792,-0.88326496,-0.8952644,-0.8892865,-0.8944775,-0.8914913,-0.09918245,-0.64173436,-0.5386375,-0.60362434,-0.65532434,-0.90253973,-0.562799,-0.15646178,-0.08662846,-0.7973124,-0.55220664,-0.6244114,-0.65097266,-0.57135135,-0.25687215,3.779626,-0.86137855,0.904171,0.07982307,0.24679181,-0.19866751,0.6362322,0.12467017,-0.57491314,0.22047345,-0.51945746,-0.7051199,0.67025334,-0.68345404,-0.62753534,0.78538036,-0.5200343,0.6192453,0.769628,-0.61280274,-0.5421914,0.7086181,0.52925605,-0.08950023,0.5119085,0.06356499,-0.69402796,0.4456496,0.56454927,0.1983628,0.3404405,0.6148847,-0.77522093,-0.5966192,0.6023047,0.049651995,0.41530815,0.56441873,0.6502256,-0.49663913,-0.4128423,0.72344375,-0.723223,0.78406,0.34155753,0.62282807,0.24950881,0.61920995,-0.80446774,0.766377,-0.5633513,-0.6393337,-0.6054083,0.599668,-0.6693971,0.34521595,0.3612553,-0.60097224,-0.49311364,0.1735025,0.0077558113,-0.7330111,0.73759526,0.6097326,0.4881311,0.4360518,0.60935134,-0.4709969,-0.47089013,-0.65587646,-0.3788259,-0.755657,0.6844922,-0.42394254,-0.5055226,-0.5272494,-0.34130862,-0.29214337,-0.3672566,0.2891402,0.3823567,0.42228848,0.7529117,0.678354,-0.32889217,0.5650774,0.02312993,-0.45954102,0.6016807,-0.31333736,-0.56032246,0.7511693,-0.6074238,0.7476159,0.47093448,-0.2937128,-0.4151696,0.46566793,0.23142825,0.38991445,-0.47855258,-0.36280215,0.45169622,0.08185461
0.16352822,0.20605086,0.50089765,-0.010460007,-0.5996089,-0.04233444,0.09567524,0.010063855,0.19976439,-0.41473088,0.23160335,0.18157895,0.2911765,0.019014088,-0.7112903,-0.41661292,-0.41516128,0.023225784,-0.521129,-0.5037097,-0.585,-0.64741933,-0.9,-0.8883871,-0.89419353,-0.89419353,-0.9,-0.9,-0.9,-0.9,-0.16147375,-0.64686096,-0.49356735,-0.47147903,-0.6353606,-0.9,-0.5851507,-0.11947235,-0.0700189,-0.75402117,-0.59034234,-0.6551347,-0.5704174,-0.5565074,-0.2207641,0.2540465,0.25176054,0.5264011,-0.09978219,-0.6203771,-0.036961637,0.08892517,-0.022198025,0.30979767,-0.5403326,0.244641,0.22176605,0.44513014,-0.06664464,-0.68393534,-0.4051948,-0.38965598,0.04320213,-0.480371,-0.474556,-0.55055285,-0.5923464,-0.88845325,-0.8699028,-0.8799206,-0.8832133,-0.8953847,-0.88910604,-0.894508,-0.8915321,-0.09950563,-0.6412339,-0.53727686,-0.6051842,-0.65514714,-0.90199,-0.56313413,-0.15387318,-0.08645266,-0.7950905,-0.55250144,-0.62361217,-0.65051687,-0.5711456,-0.25592288,3.7819383,-0.8634798,0.90828586,0.089446165,0.2432076,-0.19698253,0.6350059,0.11413058,-0.5752778,0.20990285,-0.51845026,-0.7042075,0.67001486,-0.6810028,-0.6287084,0.78555566,-0.5215428,0.6207271,0.7697256,-0.6149014,-0.5395654,0.7080903,0.5310216,-0.086867586,0.51318073,0.053737026,-0.6937315,0.44385874,0.5633263,0.20792058,0.33658758,0.6157536,-0.7754864,-0.5961133,0.601595,0.041860126,0.41130745,0.56456757,0.649702,-0.49562535,-0.40880352,0.7224079,-0.7228506,0.78365606,0.33868563,0.6230432,0.24209929,0.61919117,-0.8043087,0.7668018,-0.56305736,-0.64060193,-0.6050436,0.59775907,-0.6703565,0.34802923,0.35408297,-0.6007937,-0.49072328,0.19407919,-3.0845404e-05,-0.73245096,0.7374092,0.6084643,0.49017686,0.43345663,0.6088551,-0.47244117,-0.46842137,-0.6564876,-0.37605855,-0.7555947,0.683701,-0.42092475,-0.5007519,-0.52841127,-0.33897576,-0.29117832,-0.36168548,0.28142536,0.37753928,0.422066,0.75311816,0.67859864,-0.32363665,0.5627812,0.011976513,-0.45627496,0.600811,-0.3113035,-0.5639774,0.7516809,-0.60712504,0.7480195,0.47147703,-0.29070094,-0.41450155,0.46518973,0.22716194,0.38916877,-0.4799676,-0.36251125,0.4528376,0.06782973
0.16352822,0.20605086,0.50089765,-0.010460007,-0.5996089,-0.04233444,0.09567524,0.010063855,0.19976439,-0.41473088,0.23160335,0.18157895,0.2911765,0.019014088,-0.7112903,-0.41661292,-0.41516128,0.023225784,-0.521129,-0.5037097,-0.585,-0.64741933,-0.9,-0.8883871,-0.89419353,-0.89419353,-0.9,-0.9,-0.9,-0.9,-0.16147375,-0.64686096,-0.49356735,-0.47147903,-0.6353606,-0.9,-0.5851507,-0.11947235,-0.0700189,-0.75402117,-0.59034234,-0.6551347,-0.5704174,-0.5565074,-0.2207641,0.25248176,0.25227758,0.5280422,-0.10104664,-0.6190329,-0.038145486,0.08859906,-0.020762082,0.30857244,-0.5401307,0.24485245,0.22164227,0.4449009,-0.06648459,-0.68321836,-0.40558454,-0.38999197,0.042577453,-0.48049316,-0.474523,-0.5503081,-0.59132975,-0.888585,-0.87003744,-0.88006043,-0.8831765,-0.89548993,-0.88893384,-0.89452827,-0.89155114,-0.09983035,-0.64054865,-0.53596306,-0.60661703,-0.6549053,-0.9014663,-0.5634406,-0.15155819,-0.08644909,-0.7929546,-0.55264586,-0.62278044,-0.650041,-0.57112664,-0.25513983,3.783605,-0.8653861,0.9120814,0.09899483,0.2399587,-0.19510064,0.63381946,0.10377886,-0.57559556,0.19928166,-0.51755846,-0.70326,0.66973305,-0.6786064,-0.6297918,0.7857094,-0.5228735,0.62205964,0.769788,-0.6168628,-0.5369565,0.7075183,0.5326279,-0.08476294,0.51427925,0.04440011,-0.69338286,0.44210818,0.56200856,0.21637976,0.33261782,0.6164675,-0.775684,-0.595615,0.60087955,0.0344023,0.40742564,0.56462693,0.64914733,-0.49455243,-0.4049411,0.7213788,-0.7224737,0.7832143,0.33592638,0.6232018,0.23495513,0.61910737,-0.80413365,0.7671721,-0.5626818,-0.6417763,-0.6046731,0.5958306,-0.6713098,0.35049206,0.34695294,-0.600581,-0.48847228,0.21323983,-0.007414595,-0.7319569,0.7371828,0.6072513,0.49196428,0.4309425,0.6082735,-0.47365296,-0.46600989,-0.65703785,-0.37320063,-0.755502,0.6828703,-0.41784015,-0.49606326,-0.5294718,-0.33656237,-0.2902402,-0.35607004,0.27385277,0.37285468,0.42188966,0.75326896,0.67875737,-0.31819758,0.5604729,0.0017222493,-0.4530051,0.5999324,-0.30940124,-0.5670696,0.75211585,-0.606824,0.7483728,0.47189,-0.2878339,-0.41384023,0.46469933,0.22300108,0.38840643,-0.48113817,-0.3622001,0.45378393,0.05377641
0.16352822,0.20605086,0.50089765,-0.010460007,-0.5996089,-0.04233444,0.09567524,0.010063855,0.19976439,-0.41473088,0.23160335,0.18157895,0.2911765,0.019014088,-0.7112903,-0.41661292,-0.41516128,0.023225784,-0.521129,-0.5037097,-0.585,-0.64741933,-0.9,-0.8883871,-0.89419353,-0.89419353,-0.9,-0.9,-0.9,-0.9,-0.16147375,-0.64686096,-0.49356735,-0.47147903,-0.6353606,-0.9,-0.5851507,-0.11947235,-0.0700189,-0.75402117,-0.59034234,-0.6551347,-0.5704174,-0.5565074,-0.2207641,0.25093502,0.2528009,0.52971125,-0.102146834,-0.6178121,-0.0390803,0.088160135,-0.019424621,0.30741432,-0.53995854,0.24507424,0.22156616,0.44465715,-0.066305116,-0.6825715,-0.40601498,-0.3903637,0.04187431,-0.48067763,-0.47460735,-0.55014753,-0.5904927,-0.8887222,-0.8701793,-0.88020253,-0.8831467,-0.8955807,-0.88876927,-0.8945395,-0.891552,-0.10015672,-0.6396838,-0.53467566,-0.607936,-0.6546028,-0.9009669,-0.56371194,-0.14949103,-0.0865928,-0.7908983,-0.55264676,-0.6219103,-0.64954287,-0.5712597,-0.2545017,3.7847087,-0.86712927,0.9156194,0.10847618,0.23699617,-0.19305561,0.6326612,0.09359801,-0.5758694,0.18860519,-0.51676846,-0.7022821,0.66941404,-0.67625797,-0.6307937,0.7858441,-0.52404386,0.6232761,0.76982105,-0.61870927,-0.5343612,0.70690787,0.53409547,-0.08315132,0.51523244,0.035543703,-0.6929885,0.4403916,0.5606108,0.22386071,0.32853827,0.6170462,-0.7758211,-0.5951257,0.6001508,0.027285367,0.4036511,0.564599,0.6485661,-0.49343434,-0.40123728,0.7203531,-0.7220933,0.78274006,0.3332783,0.6233133,0.22802268,0.61896634,-0.80394727,0.7674975,-0.56223613,-0.64286876,-0.6043017,0.5938909,-0.67225325,0.3526677,0.3398582,-0.6003498,-0.4863493,0.23099834,-0.014422979,-0.73152244,0.73692435,0.6060937,0.49354798,0.42850795,0.607616,-0.47465718,-0.46365362,-0.65753543,-0.37027237,-0.7553891,0.6820065,-0.41468573,-0.4914381,-0.5304361,-0.33409154,-0.2893362,-0.35041094,0.26639637,0.36828294,0.4217711,0.75337666,0.67884624,-0.31261346,0.5581503,-0.0076895994,-0.4497286,0.59905225,-0.3076037,-0.5697569,0.752486,-0.6065161,0.7486823,0.47219738,-0.2850963,-0.41318458,0.46419716,0.21893966,0.3876318,-0.48211515,-0.36187327,0.4545697,0.039696593
0.16352822,0.20605086,0.50089765,-0.010460007,-0.5996089,-0.04233444,0.09567524,0.010063855,0.19976439,-0.41473088,0.23160335,0.18157895,0.2911765,0.019014088,-0.7112903,-0.41661292,-0.41516128,0.023225784,-0.521129,-0.5037097,-0.585,-0.64741933,-0.9,-0.8883871,-0.89419353,-0.89419353,-0.9,-0.9,-0.9,-0.9,-0.16147375,-0.64686096,-0.49356735,-0.47147903,-0.6353606,-0.9,-0.5851507,-0.11947235,-0.0700189,-0.75402117,-0.59034234,-0.6551347,-0.5704174,-0.5565074,-0.2207641,0.2494067,0.25333583,0.53141695,-0.10311429,-0.6167101,-0.039780937,0.08761975,-0.018175686,0.30631974,-0.5398202,0.24530484,0.22152933,0.44440114,-0.066119626,-0.6819872,-0.4064818,-0.3907656,0.041107643,-0.48091185,-0.47478682,-0.55005294,-0.58980453,-0.88885945,-0.870322,-0.88034165,-0.8831188,-0.8956584,-0.88861185,-0.89454263,-0.89153725,-0.1004862,-0.63865083,-0.5334018,-0.609152,-0.6542432,-0.9004898,-0.5639441,-0.14765123,-0.08686067,-0.7889165,-0.5525117,-0.6209994,-0.64902115,-0.5715179,-0.25399005,3.7853196,-0.8687317,0.9189491,0.11789469,0.23427854,-0.19087498,0.6315237,0.08357698,-0.5761028,0.17787054,-0.5160677,-0.70127803,0.6690636,-0.6739522,-0.63172185,0.78596216,-0.52506983,0.62440115,0.76983,-0.62045836,-0.53177756,0.7062645,0.5354432,-0.08200167,0.5160649,0.027156428,-0.6925541,0.4387029,0.55914396,0.23047544,0.32435787,0.6175069,-0.77590483,-0.5946458,0.5994048,0.020512689,0.39997163,0.5644876,0.6479626,-0.492283,-0.3976767,0.7193284,-0.7217104,0.7822383,0.33073747,0.6233851,0.22125822,0.6187757,-0.80375296,0.7677857,-0.56173116,-0.6438895,-0.60393345,0.5919455,-0.6731844,0.354607,0.33279023,-0.60011095,-0.4843426,0.24739096,-0.021081407,-0.7311416,0.7366407,0.60499036,0.4949699,0.42615157,0.6068918,-0.47547835,-0.46134868,-0.65798825,-0.36729154,-0.7552632,0.68111485,-0.41146213,-0.48686257,-0.5313103,-0.33158088,-0.28847012,-0.34471005,0.25903255,0.3638087,0.42171624,0.75345105,0.67887795,-0.30691049,0.5558135,-0.016311629,-0.446445,0.598175,-0.30588934,-0.57214755,0.7528014,-0.6061996,0.74895376,0.47241908,-0.2824732,-0.41253343,0.46368405,0.21497224,0.38684872,-0.48293883,-0.36153477,0.4552228,0.02559544
0.16352822,0.20605086,0.50089765,-0.010460007,-0.5996089,-0.04233444,0.09567524,0.010063855,0.19976439,-0.41473088,0.23160335,0.18157895,0.2911765,0.019014088,-0.7112903,-0.41661292,-0.41516128,0.023225784,-0.521129,-0.5037097,-0.585,-0.64741933,-0.9,-0.8883871,-0.89419353,-0.89419353,-0.9,-0.9,-0.9,-0.9,-0.16147375,-0.64686096,-0.49356735,-0.47147903,-0.6353606,-0.9,-0.5851507,-0.11947235,-0.0700189,-0.75402117,-0.59034234,-0.6551347,-0.5704174,-0.5565074,-0.2207641,0.24789475,0.25388515,0.53316367,-0.10397156,-0.6157205,-0.040262617,0.08698717,-0.017006299,0.30528513,-0.5397172,0.24554329,0.22152609,0.44413525,-0.065936156,-0.6814592,-0.40698022,-0.3911937,0.040288486,-0.48118672,-0.47504386,-0.55001014,-0.58924055,-0.8889934,-0.87046194,-0.8804747,-0.88308996,-0.895724,-0.88846105,-0.8945389,-0.8915094,-0.100821644,-0.63746387,-0.53213423,-0.61027527,-0.6538301,-0.90003365,-0.56413525,-0.14602265,-0.08723288,-0.7870046,-0.55224836,-0.62004787,-0.6484755,-0.571881,-0.25358886,3.7854986,-0.87021255,0.92210937,0.12725256,0.23177075,-0.18858111,0.63040185,0.07370917,-0.5762991,0.16707617,-0.51544535,-0.7002514,0.6686874,-0.67168456,-0.6325836,0.78606546,-0.5259666,0.62545335,0.76981926,-0.62212425,-0.5292048,0.7055931,0.536688,-0.08128583,0.5167975,0.019226262,-0.6920842,0.43703637,0.55761635,0.23632719,0.32008624,0.61786455,-0.77594155,-0.59417504,0.5986395,0.014084586,0.39637548,0.5642978,0.64734083,-0.4911081,-0.39424595,0.7183027,-0.7213257,0.7817134,0.3282987,0.623423,0.21462616,0.61854243,-0.80355316,0.76804286,-0.5611763,-0.64484715,-0.6035718,0.5899984,-0.6741018,0.35635105,0.32573974,-0.59987175,-0.48244122,0.2624735,-0.02741362,-0.7308092,0.73633724,0.6039393,0.4962623,0.4238716,0.60610914,-0.4761395,-0.45909032,-0.6584035,-0.36427298,-0.75512964,0.68019974,-0.40817192,-0.48232633,-0.53210086,-0.32904384,-0.28764343,-0.33896953,0.25173983,0.3594195,0.4217271,0.75349987,0.6788626,-0.30110627,0.5534635,-0.024192618,-0.44315508,0.59730333,-0.30424115,-0.57431614,0.7530707,-0.60587376,0.74919224,0.4725714,-0.2799507,-0.41188583,0.46316096,0.2110938,0.38606048,-0.48364118,-0.36118832,0.455766,0.011481548
0.16352822,0.20605086,0.50089765,-0.010460007,-0.5996089,-0.04233444,0.09567524,0.010063855,0.19976439,-0.41473088,0.23160335,0.18157895,0.2911765,0.019014088,-0.7112903,-0.41661292,-0.41516128,0.023225784,-0.521129,-0.5037097,-0.585,-0.64741933,-0.9,-0.8883871,-0.89419353,-0.89419353,-0.9,-0.9,-0.9,-0.9,-0.16147375,-0.64686096,-0.49356735,-0.47147903,-0.6353606,-0.9,-0.5851507,-0.11947235,-0.0700189,-0.75402117,-0.59034234,-0.6551347,-0.5704174,-0.5565074,-0.2207641,0.24639581,0.2544499,0.5349523,-0.104734786,-0.6148357,-0.040541634,0.08627089,-0.0159086,0.30430686,-0.53964925,0.2457895,0.22155227,0.443861,-0.065759294,-0.6809824,-0.40750647,-0.39164466,0.039424494,-0.48149517,-0.47536525,-0.55000925,-0.58878225,-0.8891225,-0.87059736,-0.8806004,-0.8830589,-0.89577883,-0.88831645,-0.89452904,-0.8914702,-0.10116673,-0.6361369,-0.5308688,-0.6113146,-0.65336794,-0.89959675,-0.5642849,-0.14459223,-0.087693594,-0.78515804,-0.55186445,-0.6190561,-0.64790666,-0.572334,-0.25328568,3.785294,-0.8715876,0.9251304,0.13654965,0.229443,-0.18619254,0.629292,0.06399119,-0.57646143,0.15622154,-0.5148925,-0.6992053,0.66829026,-0.66945094,-0.63338596,0.7861555,-0.5267481,0.626447,0.7697925,-0.62371856,-0.5266423,0.7048979,0.53784513,-0.08097781,0.517448,0.011740639,-0.6915825,0.43538666,0.55603397,0.24151042,0.31573254,0.6181321,-0.77593684,-0.593713,0.5978539,0.007998852,0.39285153,0.5640351,0.64670426,-0.48991716,-0.390933,0.7172744,-0.7209397,0.7811692,0.32595614,0.62343204,0.20809746,0.6182725,-0.80334955,0.768274,-0.5605795,-0.6457492,-0.6032191,0.5880525,-0.67500496,0.35793304,0.3186972,-0.5996375,-0.48063534,0.27631772,-0.033441816,-0.7305207,0.73601824,0.6029378,0.49745014,0.4216661,0.60527515,-0.4766615,-0.45687363,-0.6587873,-0.36122894,-0.75499237,0.67926455,-0.40481865,-0.4778213,-0.5328139,-0.32649088,-0.28685623,-0.33319134,0.24449867,0.35510466,0.42180327,0.7535289,0.67880815,-0.29521224,0.5511016,-0.03137792,-0.4398603,0.596439,-0.30264574,-0.57631487,0.7533011,-0.6055387,0.7494019,0.47266766,-0.2775158,-0.41124082,0.46262893,0.20729966,0.38526988,-0.48424754,-0.36083686,0.4562178,-0.0026328075
0.16352822,0.20605086,0.50089765,-0.010460007,-0.5996089,-0.04233444,0.09567524,0.010063855,0.19976439,-0.41473088,0.23160335,0.18157895,0.2911765,0.019014088,-0.7112903,-0.41661292,-0.41516128,0.023225784,-0.521129,-0.5037097,-0.585,-0.64741933,-0.9,-0.8883871,-0.89419353,-0.89419353,-0.9,-0.9,-0.9,-0.9,-0.16147375,-0.64686096,-0.49356735,-0.47147903,-0.6353606,-0.9,-0.5851507,-0.11947235,-0.0700189,-0.75402117,-0.59034234,-0.6551347,-0.5704174,-0.5565074,-0.2207641,0.2449051,0.2550296,0.53678197,-0.10541506,-0.61404693,-0.040633794,0.08547698,-0.014875336,0.30338117,-0.5396146,0.2460433,0.22160515,0.44357914,-0.065591395,-0.68055266,-0.4080565,-0.39211598,0.03852156,-0.48183322,-0.47574204,-0.5500436,-0.5884162,-0.8892462,-0.870728,-0.88071847,-0.8830251,-0.89582384,-0.88817763,-0.8945138,-0.891421,-0.10152576,-0.6346824,-0.5296036,-0.6122776,-0.6528605,-0.89917755,-0.56439406,-0.1433496,-0.08822951,-0.78337187,-0.55136687,-0.618025,-0.64731467,-0.57286674,-0.25306898,3.7847514,-0.87287164,0.92803556,0.14578357,0.22726989,-0.18372492,0.6281915,0.05442203,-0.57659274,0.14530686,-0.514402,-0.6981421,0.6678765,-0.66724735,-0.63413525,0.7862339,-0.52742755,0.6273934,0.7697528,-0.6252509,-0.5240899,0.70418245,0.5389278,-0.081053354,0.5180311,0.0046865037,-0.69105196,0.43374884,0.5544011,0.24611081,0.31130502,0.6183212,-0.77589524,-0.59325916,0.5970476,0.002251247,0.38938978,0.56370527,0.6460556,-0.48871586,-0.38772687,0.716242,-0.7205527,0.78060865,0.32370389,0.6234165,0.2016484,0.6179707,-0.8031436,0.76848334,-0.5599475,-0.6466017,-0.6028771,0.58611,-0.6758936,0.35937983,0.31165287,-0.59941185,-0.47891665,0.28900722,-0.03918678,-0.7302726,0.73568666,0.6019831,0.49855262,0.41953263,0.60439605,-0.47706297,-0.4546938,-0.6591446,-0.3581693,-0.7548543,0.67831165,-0.40140602,-0.4733409,-0.5334552,-0.32393023,-0.2861078,-0.32737678,0.23729122,0.3508543,0.42194286,0.75354266,0.6787214,-0.28923556,0.5487286,-0.03790986,-0.4365623,0.5955832,-0.30109254,-0.5781807,0.75349855,-0.6051949,0.7495862,0.47271886,-0.27515668,-0.41059765,0.4620891,0.2035855,0.38447943,-0.48477796,-0.36048287,0.45659336,-0.016731597
0.16352822,0.20605086,0.50089765,-0.010460007,-0.5996089,-0.04233444,0.09567524,0.010063855,0.19976439,-0.41473088,0.23160335,0.18157895,0.2911765,0.019014088,-0.7112903,-0.41661292,-0.41516128,0.023225784,-0.521129,-0.5037097,-0.585,-0.64741933,-0.9,-0.8883871,-0.89419353,-0.89419353,-0.9,-0.9,-0.9,-0.9,-0.16147375,-0.64686096,-0.49356735,-0.47147903,-0.6353606,-0.9,-0.5851507,-0.11947235,-0.0700189,-0.75402117,-0.59034234,-0.6551347,-0.5704174,-0.5565074,-0.2207641,0.24341743,0.25562242,0.5386509,-0.1060208,-0.61334556,-0.040554933,0.08461065,-0.013899981,0.30250356,-0.5396107,0.24630477,0.22168218,0.44328982,-0.06543295,-0.6801665,-0.40862757,-0.39260563,0.037583724,-0.4821988,-0.47616825,-0.5501092,-0.58813274,-0.88936466,-0.8708541,-0.8808294,-0.8829887,-0.89585996,-0.8880442,-0.8944937,-0.8913631,-0.10190337,-0.63311094,-0.5283377,-0.61317116,-0.6523123,-0.898774,-0.564464,-0.14228547,-0.088830166,-0.78164065,-0.550762,-0.61695564,-0.64670056,-0.57347125,-0.2529293,3.783905,-0.87407875,0.93084186,0.15494983,0.22522943,-0.18119174,0.6270981,0.045002285,-0.57669544,0.1343329,-0.5139681,-0.6970638,0.66744953,-0.66507,-0.63483745,0.78630155,-0.52801704,0.62830144,0.76970243,-0.62672925,-0.521547,0.7034498,0.53994745,-0.081489526,0.51855916,-0.0019496119,-0.6904948,0.43211842,0.5527204,0.25020558,0.30681068,0.61844206,-0.77582043,-0.5928131,0.5962204,-0.003164019,0.38598114,0.563314,0.6453973,-0.4875082,-0.38461736,0.71520394,-0.7201648,0.7800345,0.3215362,0.62338,0.19525954,0.6176408,-0.8029364,0.7686744,-0.55928576,-0.64740956,-0.60254675,0.58417267,-0.676768,0.3607132,0.30459708,-0.59919745,-0.47727835,0.3006332,-0.044667948,-0.7300618,0.7353447,0.601072,0.49958467,0.4174686,0.6034769,-0.47736043,-0.4525465,-0.6594793,-0.3551018,-0.7547176,0.6773431,-0.39793766,-0.4688796,-0.53402984,-0.32136855,-0.2853971,-0.32152674,0.23010117,0.34665912,0.4221434,0.7535447,0.6786077,-0.2831806,0.5463448,-0.0438281,-0.4332624,0.5947369,-0.29957345,-0.57994044,0.7536681,-0.6048428,0.74974805,0.47273386,-0.27286252,-0.40995565,0.46154243,0.1999473,0.38369122,-0.4852484,-0.36012825,0.45690507,-0.030794995
0.16352822,0.20605086,0.50089765,-0.010460007,-0.5996089,-0.04233444,0.09567524,0.010063855,0.19976439,-0.41473088,0.23160335,0.18157895,0.2911765,0.019014088,-0.7112903,-0.41661292,-0.41516128,0.023225784,-0.521129,-0.5037097,-0.585,-0.64741933,-0.9,-0.8883871,-0.89419353,-0.89419353,-0.9,-0.9,-0.9,-0.9,-0.16147375,-0.64686096,-0.49356735,-0.47147903,-0.6353606,-0.9,-0.5851507,-0.11947235,-0.0700189,-0.75402117,-0.59034234,-0.6551347,-0.5704174,-0.5565074,-0.2207641,0.24192679,0.2562265,0.54055655,-0.10655799,-0.6127222,-0.04032043,0.08367576,-0.012976356,0.30166933,-0.53963417,0.24657406,0.22178137,0.44299254,-0.065283805,-0.6798211,-0.40921658,-0.39311248,0.036613744,-0.48259163,-0.47664088,-0.55020475,-0.58792514,-0.8894786,-0.87097627,-0.88093406,-0.88295025,-0.8958879,-0.8879154,-0.8944692,-0.8912973,-0.10230443,-0.6314311,-0.527071,-0.6140016,-0.65172666,-0.8983845,-0.56449664,-0.14139214,-0.089486875,-0.7799585,-0.550056,-0.6158483,-0.6460648,-0.5741422,-0.25285813,3.7827868,-0.87522244,0.9335633,0.16404194,0.22330245,-0.17860493,0.6260101,0.03573373,-0.5767716,0.12330099,-0.5135865,-0.6959718,0.6670122,-0.66291505,-0.6354979,0.7863596,-0.5285277,0.62917864,0.7696434,-0.62816054,-0.5190133,0.70270246,0.5409139,-0.08226459,0.5190423,-0.0081815515,-0.6899128,0.4304912,0.55099374,0.2538638,0.30225554,0.61850387,-0.7757154,-0.5923744,0.59537184,-0.008253875,0.3826175,0.56286687,0.6447312,-0.48629692,-0.381595,0.71415895,-0.7197759,0.7794486,0.31944782,0.6233257,0.18891487,0.6172854,-0.8027287,0.76884997,-0.5585989,-0.6481771,-0.6022284,0.582242,-0.6776283,0.36195087,0.2975202,-0.59899646,-0.4757151,0.3112904,-0.04990347,-0.7298859,0.7349937,0.60020155,0.50055796,0.4154711,0.6025221,-0.47756827,-0.45042798,-0.6597946,-0.35203245,-0.7545839,0.67636037,-0.3944168,-0.46443248,-0.53454244,-0.31881127,-0.28472298,-0.31564134,0.2229137,0.34250993,0.4224022,0.75353754,0.67847174,-0.27704972,0.54394996,-0.04916984,-0.4299618,0.5939007,-0.29808244,-0.5816139,0.753814,-0.60448253,0.74988973,0.47271997,-0.27062374,-0.4093143,0.46098983,0.19638126,0.3829071,-0.48567143,-0.35977447,0.45716307,-0.044799443
0.16352822,0.20605086,0.50089765,-0.010460007,-0.5996089,-0.04233444,0.09567524,0.010063855,0.19976439,-0.41473088,0.23160335,0.18157895,0.2911765,0.019014088,-0.7112903,-0.41661292,-0.41516128,0.023225784,-0.521129,-0.5037097,-0.585,-0.64741933,-0.9,-0.8883871,-0.89419353,-0.89419353,-0.9,-0.9,-0.9,-0.9,-0.16147375,-0.64686096,-0.49356735,-0.47147903,-0.6353606,-0.9,-0.5851507,-0.11947235,-0.0700189,-0.75402117,-0.59034234,-0.6551347,-0.5704174,-0.5565074,-0.2207641,0.24042682,0.25683922,0.54249686,-0.10703148,-0.612168,-0.039944515,0.08267539,-0.012098602,0.30087337,-0.5396817,0.24685153,0.22190079,0.4426863,-0.06514294,-0.6795141,-0.40982154,-0.39363515,0.0356137,-0.48301247,-0.4771583,-0.5503296,-0.5877889,-0.8895889,-0.8710956,-0.8810335,-0.8829102,-0.89590836,-0.8877907,-0.8944406,-0.89122427,-0.102734126,-0.6296499,-0.5258031,-0.6147738,-0.65110797,-0.8980069,-0.56449383,-0.14066209,-0.09019265,-0.778319,-0.5492535,-0.6147032,-0.64540845,-0.57487607,-0.25284815,3.7814224,-0.8763164,0.9362078,0.17305154,0.22147202,-0.17597534,0.6249259,0.02661886,-0.5768231,0.11221299,-0.51325375,-0.69486725,0.6665667,-0.6607787,-0.6361215,0.7864086,-0.5289697,0.6300311,0.7695772,-0.6295505,-0.51648796,0.70194256,0.54183537,-0.08335778,0.51948875,-0.014023504,-0.68930715,0.42886338,0.5492216,0.25714698,0.29764444,0.6185149,-0.77558243,-0.5919428,0.5945015,-0.013026102,0.37929147,0.56236905,0.6440587,-0.48508355,-0.37865084,0.7131057,-0.7193859,0.7788527,0.3174339,0.6232564,0.1826011,0.61690646,-0.8025213,0.76901275,-0.55789065,-0.6489077,-0.60192186,0.58031905,-0.67847484,0.36310706,0.29041266,-0.5988105,-0.47422278,0.32107383,-0.05491029,-0.7297428,0.73463434,0.5993687,0.50148135,0.41353726,0.60153514,-0.47769907,-0.448335,-0.66009265,-0.34896585,-0.7544544,0.6753646,-0.39084637,-0.4599951,-0.5349971,-0.31626302,-0.2840844,-0.30972043,0.21571541,0.3383975,0.42271668,0.75352335,0.67831737,-0.27084416,0.5415431,-0.053970054,-0.42666125,0.5930753,-0.2966151,-0.58321625,0.7539397,-0.60411423,0.750013,0.47268304,-0.26843166,-0.40867323,0.46043208,0.19288385,0.38212866,-0.4860572,-0.35942248,0.45737574,-0.058717817
0.16352822,0.20605086,0.50089765,-0.010460007,-0.5996089,-0.04233444,0.09567524,0.010063855,0.19976439,-0.41473088,0.23160335,0.18157895,0.2911765,0.019014088,-0.7112903,-0.41661292,-0.41516128,0.023225784,-0.521129,-0.5037097,-0.585,-0.64741933,-0.9,-0.8883871,-0.89419353,-0.89419353,-0.9,-0.9,-0.9,-0.9,-0.16147375,-0.64686096,-0.49356735,-0.47147903,-0.6353606,-0.9,-0.5851507,-0.11947235,-0.0700189,-0.75402117,-0.59034234,-0.6551347,-0.5704174,-0.5565074,-0.2207641,0.23891114,0.25745803,0.54446924,-0.107445225,-0.6116739,-0.039440725,0.081611484,-0.011260982,0.30011028,-0.53974956,0.24713759,0.22203875,0.44236988,-0.065009095,-0.6792439,-0.41044053,-0.39417306,0.03458428,-0.48346284,-0.4777203,-0.5504849,-0.5877207,-0.8896965,-0.8712131,-0.88112855,-0.8828693,-0.8959219,-0.8876695,-0.89440835,-0.89114463,-0.10319784,-0.62777245,-0.52453417,-0.6154931,-0.6504595,-0.89763916,-0.5644578,-0.14008896,-0.09094151,-0.7767154,-0.5483591,-0.61352015,-0.6447316,-0.5756698,-0.25289205,3.779834,-0.87737274,0.93878204,0.18196847,0.21972306,-0.17331305,0.62384415,0.017660689,-0.57685137,0.1010714,-0.51296717,-0.6937511,0.66611457,-0.6586573,-0.6367126,0.7864493,-0.5293524,0.6308643,0.76950496,-0.630904,-0.5139702,0.7011717,0.5427188,-0.08474931,0.5199052,-0.019489998,-0.6886789,0.4272315,0.54740405,0.2601095,0.29298133,0.6184825,-0.7754232,-0.5915182,0.5936088,-0.01748902,0.37599635,0.5618254,0.6433808,-0.48386878,-0.37577665,0.7120429,-0.7189945,0.7782479,0.31549025,0.62317437,0.17630726,0.6165049,-0.80231494,0.769165,-0.5571644,-0.64960426,-0.6016265,0.57840466,-0.6793079,0.36419335,0.28326514,-0.598641,-0.47279835,0.33007562,-0.059704237,-0.72963095,0.734267,0.5985706,0.5023618,0.411664,0.60051906,-0.47776395,-0.44626495,-0.66037494,-0.34590548,-0.75432986,0.6743569,-0.38722888,-0.45556325,-0.53539735,-0.31372768,-0.2834805,-0.3037635,0.20849425,0.33431277,0.4230845,0.75350344,0.67814803,-0.26456442,0.5391227,-0.0582617,-0.4233614,0.5922614,-0.29516846,-0.58475906,0.7540483,-0.60373795,0.7501194,0.47262788,-0.26627874,-0.40803212,0.4598698,0.1894518,0.38135734,-0.4864137,-0.35907286,0.45755,-0.07251972
0.16352822,0.20605086,0.50089765,-0.010460007,-0.5996089,-0.04233444,0.09567524,0.010063855,0.19976439,-0.41473088,0.23160335,0.18157895,0.2911765,0.019014088,-0.7112903,-0.41661292,-0.41516128,0.023225784,-0.521129,-0.5037097,-0.585,-0.64741933,-0.9,-0.8883871,-0.89419353,-0.89419353,-0.9,-0.9,-0.9,-0.9,-0.16147375,-0.64686096,-0.49356735,-0.47147903,-0.6353606,-0.9,-0.5851507,-0.11947235,-0.0700189,-0.75402117,-0.59034234,-0.6551347,-0.5704174,-0.5565074,-0.2207641,0.23737344,0.2580802,0.54647183,-0.107802555,-0.6112311,-0.03882146,0.08048559,-0.010458053,0.2993747,-0.5398341,0.24743256,0.22219338,0.44204164,-0.064880654,-0.6790088,-0.411072,-0.39472604,0.033526234,-0.48394537,-0.47832817,-0.55067223,-0.58771855,-0.8898024,-0.8713298,-0.8812205,-0.88282835,-0.8959289,-0.88755125,-0.89437246,-0.8910589,-0.103701115,-0.6258028,-0.5232637,-0.6161635,-0.6497847,-0.8972792,-0.56439006,-0.13966641,-0.09172819,-0.7751406,-0.5473764,-0.6122987,-0.6440349,-0.57652193,-0.25298384,3.7780428,-0.87840384,0.94128877,0.19078104,0.21804196,-0.17062753,0.62276363,0.008862552,-0.57685757,0.08987949,-0.51272464,-0.69262403,0.6656567,-0.6565473,-0.63727504,0.78648216,-0.5296841,0.6316829,0.7694278,-0.6322253,-0.511459,0.7003913,0.54356986,-0.086420216,0.520297,-0.024595791,-0.68802875,0.42559245,0.5455405,0.26279932,0.28826943,0.61841315,-0.7752391,-0.59110063,0.59269315,-0.021651288,0.372726,0.56124055,0.6426983,-0.48265266,-0.3729645,0.71096945,-0.71860117,0.7776351,0.3136132,0.62308186,0.17002425,0.6160811,-0.8021104,0.7693085,-0.5564228,-0.6502691,-0.60134166,0.57649964,-0.68012744,0.365219,0.27606848,-0.5984891,-0.4714398,0.33838314,-0.064300135,-0.7295488,0.73389167,0.59780455,0.5032044,0.40984842,0.59947646,-0.4777725,-0.4442158,-0.66064256,-0.342854,-0.75421107,0.67333806,-0.3835665,-0.45113307,-0.53574646,-0.3112087,-0.2829106,-0.29777014,0.20123948,0.3302466,0.42350376,0.75347906,0.6779667,-0.25821072,0.5366867,-0.06207582,-0.42006254,0.5914596,-0.2937408,-0.5862515,0.75414246,-0.6033535,0.7502099,0.47255835,-0.26415828,-0.40739086,0.4593035,0.18608202,0.3805944,-0.48674732,-0.3587259,0.45769164,-0.08617187
0.16352822,0.20605086,0.50089765,-0.010460007,-0.5996089,-0.04233444,0.09567524,0.010063855,0.19976439,-0.41473088,0.23160335,0.18157895,0.2911765,0.019014088,-0.7112903,-0.41661292,-0.41516128,0.023225784,-0.521129,-0.5037097,-0.585,-0.64741933,-0.9,-0.8883871,-0.89419353,-0.89419353,-0.9,-0.9,-0.9,-0.9,-0.16147375,-0.64686096,-0.49356735,-0.47147903,-0.6353606,-0.9,-0.5851507,-0.11947235,-0.0700189,-0.75402117,-0.59034234,-0.6551347,-0.5704174,-0.5565074,-0.2207641,0.23580721,0.2587032,0.5485032,-0.108106606,-0.6108313,-0.038098246,0.079298854,-0.009684528,0.29866126,-0.5399318,0.24773715,0.22236325,0.44169992,-0.06475594,-0.67880744,-0.41171485,-0.3952936,0.03243959,-0.48446223,-0.478983,-0.5508935,-0.5877811,-0.8899076,-0.8714467,-0.8813104,-0.88278776,-0.8959299,-0.8874354,-0.8943332,-0.89096755,-0.10424947,-0.62374395,-0.52199143,-0.6167891,-0.6490862,-0.8969251,-0.5642923,-0.13938881,-0.09254834,-0.7735876,-0.5463086,-0.61103815,-0.6433185,-0.5774303,-0.25311744,3.7760618,-0.87942183,0.9437298,0.19947655,0.21641639,-0.16792792,0.62168324,0.00022799335,-0.5768425,0.07864146,-0.5125244,-0.69148666,0.6651937,-0.65444523,-0.6378123,0.78650737,-0.52997226,0.63249105,0.7693462,-0.6335177,-0.5089533,0.69960266,0.54439324,-0.08835235,0.52066827,-0.029355833,-0.6873571,0.42394358,0.54363,0.2652583,0.2835114,0.6183127,-0.7750311,-0.59069014,0.5917539,-0.025521735,0.36947486,0.56061876,0.6420115,-0.48143482,-0.37020716,0.7098842,-0.7182056,0.77701503,0.31179965,0.6229806,0.16374448,0.61563486,-0.8019082,0.76944506,-0.5556685,-0.650904,-0.60106623,0.5746047,-0.6809338,0.36619133,0.26881382,-0.5983558,-0.47014594,0.34607732,-0.0687119,-0.7294952,0.7335081,0.5970681,0.5040131,0.40808764,0.5984093,-0.47773322,-0.44218594,-0.660896,-0.33981332,-0.7540984,0.672309,-0.3798612,-0.44670093,-0.5360473,-0.30870926,-0.28237438,-0.2917399,0.19394177,0.32618994,0.42397282,0.7534508,0.6777762,-0.25178304,0.53423285,-0.06544164,-0.4167649,0.5906706,-0.2923314,-0.5877009,0.75422436,-0.60296047,0.75028545,0.47247759,-0.26206452,-0.4067494,0.45873344,0.18277167,0.37984088,-0.48706338,-0.3583816,0.4578055,-0.09963866
